821368
745485
895229
142434
226331
486300
152978
825235
948852
906105
212456
435960
764776
146934
664977
943579
613857
302650
457653
323574
846295
224629
238576
999444
969321
212170
326982
221217
834267
354421
962121
65450
710687
319804
394790
220342
200422
356380
116255
296342
317742
826536
828167
733989
715580
308122
320265
692254
188998
639667
82826
101388
616573
539352
450213
587441
888550
634526
647860
230606
39286
728618
847193
645413
844994
143733
199644
252927
907135
170702
946008
540833
653682
576244
415626
412720
556199
769817
882583
801453
376979
538578
808765
70393
413904
145542
849530
675488
661409
168068
240677
139966
364749
360043
564889
838150
757288
621082
657799
734008
57751
532579
510102
721737
699391
312406
166536
514051
393944
672513
267106
484124
135230
134711
79701
853315
802350
685306
753713
484570
73128
830023
146448
840771
691973
94238
646371
957109
164864
162404
376524
324044
409688
291488
945348
54506
99063
495732
347
584563
812273
73681
641952
510131
169192
458787
931128
656141
199969
903022
819738
735159
961078
119315
115398
91105
241644
459175
605792
854633
967351
558248
580935
91851
395026
429809
622983
616647
968814
662587
265239
317103
423885
896723
147305
252729
197095
121748
742495
406083
288287
552880
177017
311258
507649
283784
689587
210516
360478
459871
114677
474558
663180
967988
271022
648867
753210
568149
746103
532784
376116
426694
590662
764054
636331
545564
996234
855031
829287
348956
636005
501602
927086
371280
995024
828173
886926
768184
321561
575892
10584
215780
105489
841331
923510
35185
248363
598197
949948
491419
275930
72615
318600
785972
273348
749439
576304
930676
979892
958403
4411
645713
994699
972655
644109
493834
681317
82738
650468
324745
170343
957720
335192
182663
318204
483605
976410
104009
820583
864577
247217
559236
351367
10752
631572
388259
753186
428465
938089
650165
231272
978337
280549
624935
238100
227854
877906
466924
347800
556354
57623
112377
972240
615055
613363
694036
88945
846293
403926
760487
304465
28096
607803
256591
663668
888499
394459
451088
165490
453192
932413
978202
27681
661009
82366
631308
743230
820442
231641
211275
800974
390624
768932
220336
158135
907208
326934
679337
464750
93506
954413
632323
344287
617149
488805
986169
584215
954305
501105
370482
378028
267691
618004
84587
334535
761207
988513
806696
883988
864199
912918
557331
939614
455324
836122
283263
503684
781127
780271
795766
116198
28222
575792
34318
273784
608837
335892
712211
867137
789551
314408
959395
359335
745223
170876
834448
581964
317419
5886
667284
605816
151440
537894
832800
133339
201139
277553
375696
6928
911216
39880
273412
404661
833725
566691
53437
799697
829598
507563
559235
334018
383368
750938
219631
298144
969070
245723
18082
110957
655508
468088
347381
806650
736086
814016
397885
70957
909384
921609
330529
303902
49192
800969
899750
922654
455583
790919
10744
822842
727492
519595
819171
636304
773460
20760
782595
417171
463463
116825
49334
246395
574243
991424
914388
415600
53499
362834
157250
850680
901406
138913
82485
266572
131958
588509
489584
378105
59218
321178
251350
455
232193
127370
930547
702727
799978
798686
4505
722880
951837
993610
714716
10396
225634
4420
404768
933207
671945
607168
576307
566682
503541
587807
51577
380117
544589
59594
517108
887911
372023
893196
394544
793342
604957
657285
810408
618178
267322
193818
748295
373517
826629
631765
785357
2564
492659
404079
257690
291690
895979
