762184
245053
923657
953913
511247
641687
224882
161401
425085
97645
181162
758853
546281
275531
590077
891201
566943
596709
12870
956305
196066
775727
540230
243151
175024
511515
500627
354271
604436
312200
864678
425602
120932
197672
978998
85618
372563
968122
880572
83199
248397
208725
708372
865466
686644
172046
911557
254333
263051
885649
331699
421716
14720
24629
91163
901821
657285
72806
667002
40966
987884
645771
778540
485482
99734
880556
343140
711389
567738
430123
529015
687177
641869
322179
118093
334271
634809
836005
621528
402686
960096
97936
866554
459411
583303
772956
414972
301081
905869
424352
615031
401027
408840
982691
569785
421625
799979
110131
708573
160934
805423
392895
830469
15689
296806
400686
189300
879331
486202
585881
505339
359832
196908
205683
254771
879374
767833
979886
143651
473448
943001
542109
408567
451864
683502
962655
576439
418279
281868
858795
918825
87404
313903
233344
298676
424505
546729
181841
691963
386527
973726
541869
957577
289337
354598
704867
513326
424416
884012
122255
901543
301129
629911
345322
340769
660154
164864
866482
569189
1529
101276
903446
251263
422327
705518
72033
951877
556633
856194
991007
132668
113236
489738
970261
31720
807329
62839
883516
460164
254358
147937
396193
841918
532104
962735
157718
170423
194921
374989
569686
623447
728503
484188
516425
991961
566457
908338
689205
581965
251940
891033
226052
613772
660045
80183
998666
30951
729533
266423
276026
309555
18760
329605
394973
853000
463693
558873
334584
736337
760967
702785
161237
421010
201839
237240
601624
979873
781258
617559
519985
653377
159108
496470
698038
872187
833338
471496
344802
926428
570050
3916
622405
333731
191353
585970
49397
71063
610135
834716
786345
890277
765812
63731
117937
677499
538313
585630
593619
507516
122248
570071
300862
162574
996897
183671
557361
979489
693690
764239
308802
712971
237174
859256
553430
469053
1557
579624
752144
553068
308285
833836
112149
361538
839311
139996
253384
999512
392462
498706
179049
39968
269028
521224
898558
819658
490184
320700
169037
148656
170138
686350
334897
958255
41600
143458
659896
495057
377807
410374
125723
909336
955897
54915
585112
600030
212543
682688
220077
133742
587750
925243
832408
425929
262066
893221
336204
406819
300892
409546
675645
195395
981579
920810
668631
543424
557835
593114
323903
31186
851313
192731
8461
284414
320813
764970
111846
353279
679499
530912
262906
119261
611603
750919
287858
878601
858019
142627
96806
477777
922975
554720
552187
946045
908970
668656
66956
784763
929421
680484
821076
529522
830858
612926
921855
537859
902919
499018
445501
71487
603994
46330
950119
146726
361903
556068
164920
798738
850676
844119
968088
179212
194883
821897
484849
548484
108947
68402
559798
618430
477442
7717
474471
412381
548917
970976
727539
242388
336679
878171
737186
83811
958131
894822
261477
241628
991996
870429
598152
820846
512437
474406
348374
271541
323703
382676
174401
542796
693734
761485
461883
303531
800951
366394
666341
508721
873610
802613
73876
159487
924344
4829
426659
306455
992982
244944
872083
611530
517602
760188
191774
147093
413293
314978
69025
840382
717067
880330
339186
798653
16051
261966
9873
808605
159485
979274
951583
258526
504534
186837
804726
631607
476439
226842
566248
362153
551016
778088
319619
813763
809480
102895
494663
28235
577533
30352
16956
873230
235709
953969
84075
952020
791602
674682
468871
693584
386452
983089
28654
394488
443589
174399
318270
857674
646792
613906
857653
449740
180115
578528
772891
721934
750983
273100
944421
492747
318634
599936
642905
931413
828849
745636
798574
274850
824097
799558
405340
977826
7710
658933
110241
743979
777782
944347
138628
9883
769743
829580
528017
804447
60582
840042
844567
476976
264720
473756
950743
189653
294860
787927
434526
578976
177603
932256
871870
881772
346644
185438
29242
662290
731635
702118
499858
55698
913109
646278
793906
819908
91116
471075
278718
814974
109948
450039
231040
514045
178700
97251
113843
512149
965791
783898
263940
976433
814127
542183
136624
143158
636946
475313
637926
754047
671666
277924
549856
296014
347231
37200
835092
284928
120229
664856
549007
482538
389318
506090
67563
55784
182190
593189
479089
383900
772682
87845
913828
794176
652841
121429
700111
791534
907451
457063
97978
500146
605183
293240
83318
663325
81625
554289
598673
620564
597684
352511
292421
712861
529719
44946
668906
409061
977739
625293
502452
752549
829995
645945
268352
865533
243474
740190
643057
8624
502352
927898
216300
463453
110420
657468
770285
309465
61075
586798
517633
31681
543771
513200
758959
778314
248875
772590
200133
946013
407681
284890
86730
724767
681250
618222
356851
272887
453976
918980
259300
828526
313630
392834
198054
16124
557669
260765
663096
85203
844768
236579
807329
662645
160824
717283
546769
919728
896433
247847
43449
19516
50663
137885
160974
985721
333865
779924
165709
860765
247428
441865
46028
806723
95113
459357
6041
577224
768101
365586
612264
563683
670966
602895
734499
960071
254796
900222
747131
15796
918801
251877
308651
785398
236687
154794
5716
719797
360676
454624
210450
717291
313574
623236
767680
679018
902819
522020
31559
531225
613886
699595
122681
70559
673254
664631
921480
926613
263011
736049
683307
864381
58344
462861
529780
376629
460887
557635
387927
89391
405494
373025
63011
787133
450714
34611
401643
506740
555336
764467
942590
589689
813275
621177
72300
407601
135308
704923
134987
572736
373728
130663
42138
231698
22281
11211
919121
926123
752399
497324
152167
723737
690734
500279
521866
280252
752269
617609
621563
314630
216393
369896
993337
331341
847044
583439
480750
462523
707316
976757
55915
435532
818719
684489
91253
855229
147913
931131
361002
984744
800924
890735
351173
832656
699984
619253
566173
730487
14823
802006
981994
698306
269506
453124
558600
274023
892947
625830
550827
338615
345476
586818
755555
562068
768091
633487
748808
930129
731633
102595
521515
563915
355064
610664
821192
211300
970549
325388
206703
59735
463204
212761
404149
892309
62454
870640
863193
252253
676232
438437
653574
192466
57848
885508
969836
455691
412536
67589
924226
42412
120131
827775
544405
726916
575426
781522
598446
400452
589330
440917
323871
596438
508171
505788
721577
274460
968101
588826
305089
330417
452752
458193
118768
977102
24791
181404
841834
551483
857092
469278
760566
516774
302782
313737
593712
721939
956560
440903
32556
95673
17275
813343
705951
987245
664444
121694
382357
652719
427170
994169
903223
21626
801458
556606
771626
219482
717666
838993
975753
58087
348277
10654
809749
29663
724619
884353
770580
367562
199599
234945
400717
401843
709707
489729
306316
212500
129442
232945
862020
47704
339817
641953
665410
422056
238442
939433
871240
972717
252228
827785
940155
903885
676726
572653
715851
879096
675010
265891
683766
799424
469265
617343
20475
411051
330494
658161
480421
225643
466337
