892335
858101
120268
762726
342478
839308
994797
635688
482054
244088
30902
853850
949451
360394
878021
53042
420002
617984
46746
307948
185523
651369
776107
409372
639681
291811
910217
125554
301507
837327
934159
204002
491405
854727
465172
966812
898030
681689
864163
914393
629361
681269
781414
403579
188259
109228
819623
30056
845503
979993
998002
195352
999232
431251
781693
323760
156578
391691
942887
68074
316321
746449
597709
756848
137311
698705
555629
934142
757265
183338
536899
417932
787967
1668
235088
867637
169397
521801
126044
607151
107975
359967
198006
612130
295153
77800
309701
436307
228836
588837
434250
486442
597798
149264
578366
991427
755819
359082
614759
619514
625795
693469
379729
690034
570933
781913
298037
612698
115745
862102
189051
620741
370693
253922
985492
971657
651695
232885
668377
780432
486922
910547
278537
401878
903657
140849
719163
133345
412879
272137
740349
29868
127751
958398
177698
961568
539552
281512
905939
502529
861122
937243
188408
997096
815484
600791
564863
220642
803611
364523
693833
542025
671929
364216
795275
395256
473050
412385
67428
434228
782255
705948
378960
136884
988152
672431
177447
358454
24354
301657
546853
738860
940554
330008
489231
481970
707154
324088
701255
443276
879945
486036
448222
519924
463581
761502
260675
314488
695046
923818
518281
637938
431113
36622
827009
937942
669193
423428
377553
226150
242093
725220
541949
824700
474512
862082
447582
451556
312619
733990
330780
753741
805773
310378
750608
512370
70363
473872
520410
949619
908448
212918
449000
883041
501919
59106
903431
70592
204909
774338
636693
829090
630024
264945
290460
601439
416215
702400
705443
637497
895102
644733
460389
453837
237658
713491
403740
389366
730121
180722
938286
305492
373620
22907
193120
347460
670694
325521
839744
505913
785526
784301
63027
102787
303723
790462
122976
452563
519066
231109
178343
152558
918010
50416
269812
617790
723172
367426
991217
671314
39086
951582
713410
69322
545088
927139
523973
315593
993936
699701
840818
44754
274000
691962
464433
551985
339449
635864
87292
201149
913220
528816
527031
823623
539122
613576
504580
205857
765036
597445
78143
137179
789907
46613
54569
534147
672189
553975
445228
891450
673848
972798
624930
443825
277657
565179
210454
245471
862978
292924
410057
137456
6990
123962
300054
924866
423111
551291
59277
640292
766832
491463
856776
528422
282291
304733
487631
550144
524898
675003
522123
325457
875136
855212
163591
590302
887137
350804
695599
607078
591127
975236
804081
880502
294198
692217
148645
161717
347970
209302
219243
888541
792661
286994
994728
578916
175417
814837
514041
96771
848334
999462
521166
29408
747344
743186
20352
589762
401789
704715
367088
913411
442544
757747
60571
939289
586685
959065
966686
55326
93360
242108
543916
25103
141705
393276
794261
609342
418193
814259
954532
485418
759103
306996
410940
615793
712131
46480
438640
145615
376591
615999
729553
266523
562164
59188
660352
298603
796795
435585
378333
251250
651276
822075
349619
122497
333209
273061
440869
582860
595343
289042
315836
157944
673258
411455
955426
249206
151222
952316
783031
224450
599251
665054
130639
319357
868227
289470
788653
483228
474341
769261
323545
603365
353141
156297
469753
359432
434864
331403
946079
67999
886705
414428
453159
527189
637768
541655
270653
298976
70916
971485
18454
428241
142309
522905
223465
87657
519869
871119
657859
105034
91586
884923
379212
483875
861104
819331
370455
373712
