748236
267770
919049
415150
361857
565207
422797
509036
52751
996899
182148
520979
517372
243364
655433
377287
321374
694866
195225
236495
692082
645200
590649
718343
301547
628303
645210
598835
838464
127652
427651
963897
530464
952275
718602
370071
197521
44090
790800
432587
962979
980368
803343
45200
884109
232411
993087
939987
970844
354641
24400
847358
432368
723171
853011
104305
242887
626275
35801
671010
606575
332894
771857
556017
252829
33975
814002
63192
226714
341543
851452
212373
933641
245963
136129
662391
947791
491441
662983
838944
910972
619299
532157
904727
600128
675098
225084
304383
835584
990500
648398
404686
922228
608387
147519
532584
77957
540824
504844
958516
884673
742155
262958
650998
816298
297442
456987
57000
678651
906844
739732
284495
914205
594927
990036
201976
960439
471801
416882
345145
520590
490005
500391
810563
166178
50299
777659
152235
314552
851877
61087
224838
912402
993415
505992
748852
226716
522414
646680
966290
599781
477519
536635
182680
344670
690978
899681
142287
834000
124970
815394
22812
519683
664319
237452
616424
950843
756474
893197
74048
680589
680262
575760
806549
178682
348145
894128
784189
934586
660435
360327
238531
900676
276247
688424
413252
295948
30228
594637
442556
9300
625666
692334
595178
268648
967368
224017
710577
617805
586452
825871
646792
55028
296539
122172
641969
468290
833051
995448
445954
988020
538898
367330
34148
837360
668026
601791
735956
528925
746463
310893
609870
972991
923436
953316
461956
550978
997392
965565
382609
109080
312224
709602
848546
534237
612777
219769
501830
931532
467151
133107
451756
818861
99350
50360
75199
415136
181059
806964
184784
975027
746050
351470
163606
396608
781855
791433
81132
322696
447014
158378
105420
275759
231709
893531
30220
140825
954598
161447
631537
393881
577064
626746
154321
587004
472952
222320
229222
6137
942683
211194
76733
33274
930603
338055
653399
931946
940169
260347
243571
14837
296781
500630
250576
1632
72486
805668
935952
138602
450706
353946
404569
603207
175824
431283
401085
155171
823983
993495
427164
753267
337112
349595
368072
940475
978431
870149
287951
322350
988484
325707
985278
274212
958076
805802
449169
635752
122345
954354
226121
405940
823996
212603
94695
301807
511531
638686
33017
810768
48771
300929
331565
282909
144257
329131
516817
987796
274689
539875
371277
954631
153643
737612
681983
826174
831608
730829
560001
221636
951764
115644
450336
739566
1312
718701
671218
581720
982624
259942
579888
792346
132425
653134
734815
48238
325590
903693
833084
256618
495381
99244
995771
209580
138482
356988
859823
611486
775580
481177
792412
494646
370922
632132
275759
741845
523109
612401
365798
383346
813504
515619
410330
254102
887082
453525
82432
679575
381204
162225
922173
148737
856521
777364
223563
415701
146859
532733
138263
585455
97644
945380
753565
421151
825310
454606
861216
74034
677313
236852
771224
994935
569517
719091
20446
251367
302787
72190
970771
753548
263194
51121
770330
945363
632525
908946
939757
997787
304688
876072
321535
8327
583458
305719
569685
185590
269511
578765
880164
793347
853710
41014
463852
55787
868262
166195
105897
988916
881254
408443
367635
759288
481153
513182
679372
962366
178464
568736
64204
602821
830504
873144
545065
491901
327619
450480
605728
185350
176755
660398
835981
330952
667318
397443
386976
93912
551503
586249
257226
856382
300086
69640
982930
571071
706411
61839
419995
611828
799176
308286
535991
996913
867066
728735
699756
669888
367469
775377
493564
404359
701652
4581
587351
344957
775086
51190
381813
556797
765147
188649
758115
889113
238279
331332
934040
844703
585654
243456
749634
703300
525374
697340
669779
67004
672928
788987
526085
870921
249743
695727
688060
429000
963957
535723
257922
285053
318032
183087
259507
893172
801804
274378
200481
221563
409603
82275
785398
183195
961257
167478
425854
137928
195402
632019
735257
911143
886571
972254
552104
676124
641071
470060
943343
668780
507028
973289
919456
63964
452357
773971
413651
99930
365439
351611
434382
648172
664727
290331
222646
595128
788285
142245
830578
758842
500506
794025
311376
956286
396163
701250
630883
653352
826333
18390
552430
959943
658215
195293
59530
343043
138089
989150
549109
28735
731173
241530
566161
863025
485410
612560
888288
272689
460090
127926
133446
109529
514212
948208
370047
465238
753372
482232
646692
171398
834027
840601
167059
631406
848383
519679
827123
37639
589435
39907
278727
177012
164673
914468
848767
701760
718418
177706
538846
851361
175411
874640
899921
977562
583000
805604
458723
83816
363092
35721
352381
76930
469701
713687
421874
753415
30191
724364
826493
505617
430396
38993
283701
318311
858527
476450
935720
384172
803636
247034
397334
895399
758133
297572
582698
449748
796964
918303
346739
194610
975130
925927
134991
562314
698745
508825
573740
55764
367335
636584
731632
35188
961288
73404
650088
964003
567592
473444
198003
748672
239023
437547
579734
211624
647407
37659
869505
282497
990693
690408
574406
146521
559667
677042
860484
2537
66663
23618
528282
397118
850383
790215
583820
741000
838390
453925
934337
365910
410801
752268
87240
605161
978545
436806
256125
417234
307673
177397
859148
145138
741406
924118
671215
220366
966526
310409
814298
72986
100314
515758
814415
47294
911275
743219
666459
973696
979306
344150
5191
695411
442737
313727
208060
898980
75238
750590
206151
39712
387685
310166
154940
11626
327723
397729
188729
130259
747859
77580
679271
300186
350055
764735
408357
154351
625538
649684
583130
848264
30225
485468
403076
803753
209795
924412
48235
6135
985259
925075
290505
90881
109455
769137
99953
780054
752271
695601
474938
886976
551364
941503
426232
304221
529488
299310
372833
912510
457759
419849
623183
674327
397582
28154
234213
574997
138941
892053
781947
152170
648315
647790
160108
613336
190984
402952
337172
171100
670216
644056
524644
862724
521366
607863
349058
357486
669605
771766
693283
870711
766060
774798
685968
775377
399184
771422
49091
286572
712878
423550
297022
781797
157983
301823
834468
663691
105421
277942
812916
418343
958990
716675
178255
260848
666538
749762
154855
979884
908589
44125
589516
774511
961996
624287
180243
44683
938165
80868
739715
921852
719875
372283
644517
372793
949963
604884
621139
718275
672083
5454
304743
580379
297130
24111
822761
390319
692743
83236
262456
727364
5434
228637
121721
197817
924757
725269
51906
610805
717960
296409
228604
447722
861759
289082
729335
413780
157009
952705
196158
389235
891827
502484
420942
617002
274219
257105
971576
686793
159733
579104
592773
38353
571147
748058
21163
310727
851052
457594
944440
685643
320831
283711
560294
565960
657820
410706
215474
148042
983765
935754
704690
5728
530020
653958
789609
806567
85287
200405
212758
35302
12562
230434
34816
528413
419263
605090
412510
222256
632454
765574
934766
350420
893441
30536
376149
470779
747342
905003
230171
