583190
990939
923093
766613
919118
662660
976083
29236
717739
646140
834962
4432
469126
988118
636572
265157
886689
515647
790566
950867
704270
625733
416518
876507
108739
494335
93100
490025
341029
502725
767902
537202
836747
321269
507362
352057
242189
890805
444069
765462
781458
827866
175416
879316
767713
438031
696204
912048
749067
55987
673401
748872
530998
330507
51562
146824
952212
155453
480869
55383
660467
242202
652172
261410
397903
963701
402502
225476
534894
639920
553466
365071
70432
151478
59373
787147
938934
279834
503726
107405
942747
47278
850397
203874
107951
504811
825318
147441
838172
746229
87967
599589
333745
596334
321878
273160
866070
235364
788094
576781
130065
165824
138135
315175
398381
854175
513371
560367
459116
13898
541372
393926
839816
973167
311582
630968
126396
543245
856272
302595
141965
653656
825306
634308
298183
3335
250880
640201
818203
951704
209282
537147
112609
808846
201097
162224
208345
35650
662772
191199
475029
746702
92425
546594
665413
558959
72242
107550
26714
407719
187331
42307
947992
621074
655831
721748
474216
765072
587655
691479
839821
105701
466160
605799
364735
150058
850874
354907
142184
805850
353925
783562
294521
625775
153559
331848
540332
738659
321824
302002
14381
498717
864726
634114
876585
666915
780543
323825
13246
526675
442038
139091
511773
563883
316991
138400
808062
431617
95297
580573
73834
395273
412321
906728
118528
704221
237471
544398
323281
724801
521063
312782
249153
884936
496898
121036
197204
277691
801109
445962
289646
763831
160171
710316
198324
291635
698713
575678
600398
287451
515902
571645
939283
937558
106218
320331
474167
894002
492180
124007
163170
826093
114238
476997
599249
267790
428192
767410
26620
820793
377748
202416
380654
616189
437379
101333
917088
274684
617825
150942
241413
7354
881172
213093
652342
112165
94651
675859
447024
151065
13640
50298
416111
862543
397497
417601
687819
255664
847203
793791
578838
807852
152350
314507
337974
988615
749049
709347
743664
341144
459818
920559
584548
511522
750004
670226
948219
933848
481020
932813
775208
212926
746458
485151
69693
864437
973938
645743
810650
490412
690791
324620
223481
554714
714938
350607
190966
242636
503334
595112
662522
917058
779163
460205
730047
826296
521768
422593
379940
428305
502630
566691
86351
476423
265132
938994
659087
810172
545516
260432
992628
331040
969497
756957
391664
368115
876040
754511
950124
153388
630167
439621
846388
271801
454478
423448
923728
222961
729926
347357
39390
992263
192042
102702
136839
123511
259035
286340
731143
99529
860420
260956
396089
140241
67945
85237
915093
495075
739303
786576
498820
795946
575822
637638
41025
471188
895308
46111
185601
970636
566834
759159
570302
176352
972920
294253
597183
911794
429148
658093
661342
25393
846934
186525
494283
196701
383991
786470
60410
178935
99347
369092
375628
20373
556988
477350
260689
140017
69394
854960
620602
673741
532158
773852
383819
484572
800126
273590
69489
822533
750800
478840
773104
137094
421133
513239
541140
452366
990080
822666
318218
942659
889171
814528
705911
196964
954928
65927
80803
361574
878126
171328
682570
247078
204959
171519
20168
490740
243362
949300
760058
566799
743467
391310
684587
70705
110428
181096
932322
392580
857327
654099
474189
235520
247070
406751
556349
106299
959682
764960
482710
125106
806647
185263
678932
688252
841395
312637
928261
814834
339619
740947
388356
227788
459780
444585
788245
863245
884120
640293
565386
583517
482900
584355
508216
700963
725426
503206
38454
486136
812088
489062
230960
427138
993089
746364
893792
465994
249654
398545
694370
447180
147161
511747
50129
439530
49287
511906
987255
220885
220608
61075
842625
753579
850170
260273
952704
443376
295737
271228
616665
153015
627458
104018
523173
280215
40099
539247
844670
714370
190507
205579
989309
98633
483222
322811
254973
239037
137462
940023
601934
941755
990044
113751
737994
504899
221588
242538
244152
701844
978295
745448
580997
421291
586486
338574
545508
500147
732391
608396
512382
746845
409228
918308
300098
27001
250919
100448
762703
547916
13392
731146
333961
507253
947667
113750
253390
417339
777502
202508
289611
513028
494020
118188
620514
569933
821615
532207
207016
804241
448641
978213
860127
763830
261004
280146
103394
313601
763550
707759
636783
74500
615084
748873
869331
986450
395127
173161
178616
732147
761420
794847
995370
512871
420425
765440
40991
706994
955992
619436
125440
875967
580131
427065
324073
536732
228419
891643
703818
244863
130853
543768
124037
996968
1503
385710
100662
39885
182464
579839
81087
538061
872989
860803
686524
727113
549461
900798
115853
685382
870535
837012
644104
529376
953521
634809
140004
448814
960978
971985
551110
865398
960004
110349
148599
406297
822099
407221
887387
421373
779000
777317
739115
41685
228242
187562
642869
823480
934854
180257
686664
672767
793233
919290
137179
76650
111359
51574
497429
215725
73846
45901
767981
288637
155746
27440
599578
165869
62583
516372
807878
93572
924215
88430
697695
436309
414766
295990
886057
487045
383677
863547
681590
335962
663138
755262
720103
676529
714528
629588
506223
183323
354456
242089
780977
944552
600911
649469
341257
293078
271961
487390
953811
881078
283569
925573
20290
716405
42767
639948
333224
493781
920541
628940
190938
70239
9464
757644
453949
122991
759248
170101
429564
754879
962993
152925
755052
216797
918225
645909
330914
608466
858820
522018
124659
357551
586366
171959
835266
109923
545085
740441
307489
534235
863592
894781
959219
790909
326988
41286
781267
190881
531603
332072
334961
565775
771358
588707
629043
31725
432250
760242
180399
723639
729453
426344
598100
580285
204585
999239
60687
903136
674609
648264
754785
837171
982247
134500
1357
777345
331950
439608
9920
310985
763382
449778
472801
60208
909576
985712
577530
217794
878474
164198
970107
194129
726964
500001
686578
753615
45136
702246
256485
24748
381022
688524
84522
163617
973174
877618
686596
187869
462673
23673
838577
831462
34257
972657
594582
607823
252843
574283
539342
435853
282885
130635
509992
892959
603355
343420
46408
41976
465996
985656
243734
117583
474735
701573
388789
156948
127256
562657
558680
808301
877694
10773
301314
221388
374480
88788
765178
97034
164221
204415
812091
922970
220427
67170
401047
338395
463381
675717
178071
412168
576431
227682
474804
495808
357948
7105
905181
124962
544991
791606
965791
837149
944703
155852
637218
426440
336113
893380
361314
640474
452679
866687
450785
432033
576345
336058
148608
629698
447917
672487
584783
480978
535080
369265
539808
830733
730629
81106
395454
471298
293195
194390
697998
516361
209997
689576
788572
812615
611890
723342
73033
495471
359886
895940
549301
798149
402282
318562
678305
354039
857963
342646
304426
113384
371926
787367
110627
322246
157490
388300
817975
333398
596776
714781
399454
864143
490963
43832
794173
21382
552208
784766
831869
192586
634159
534625
