129950
38937
520782
243315
12038
934005
799443
181
77011
866517
996579
692796
272055
703000
354539
988446
860424
284234
227930
382942
557765
378971
834711
612440
686393
425778
71927
967233
126683
854405
129123
982600
911639
321123
474755
489692
623542
383275
581700
42088
603536
366300
2502
859058
91808
566996
777477
461401
656286
477988
953642
738361
816639
60701
187497
46478
59306
62953
546484
10500
301659
384165
853960
872476
671815
912213
160655
807626
949008
935868
591742
55477
262478
751050
580815
481954
327629
392166
693326
735860
768925
52490
118782
390477
254868
858602
565160
383253
641958
209988
98236
188914
292612
799410
631846
170422
500013
850559
67369
404425
888690
670473
418602
311785
77442
182567
116471
32073
763519
999311
771584
465774
780333
421369
671764
827256
64838
132522
705722
700545
874298
17210
75499
149458
4450
51619
592447
66250
670401
178953
759108
956374
569310
539688
672322
663618
836225
48072
855367
923441
320809
101737
493418
779751
620922
98876
362663
134044
997416
373072
128455
703875
157159
698946
455828
169756
538567
5273
245477
718285
811342
625787
938286
563837
264455
174562
628036
845768
656298
293779
979409
758191
788039
982784
812868
250064
880691
765830
63029
441109
341900
885046
869841
202943
785670
901138
326411
702329
384907
183904
643596
598847
716399
14534
25035
704701
295924
199630
850441
411196
660796
655181
242144
397584
837405
256684
347796
742657
107709
484320
979421
839967
83146
793794
245540
950842
203536
520188
949935
724821
406906
936280
972740
505307
726793
932928
113359
797501
537327
780579
395358
238339
713608
957225
359614
443762
977508
631800
193453
790190
778970
941141
587829
89497
173401
369467
179685
306144
931049
515157
534708
648534
294850
959528
786029
86929
213456
481701
609239
334501
668600
921555
874298
603812
410676
642003
460430
522932
613395
366292
779939
698528
184466
624094
477135
586601
649602
929373
838600
984779
97906
464386
282868
759659
255769
571169
505902
548207
427085
706908
531395
993817
281960
418892
909735
831828
182130
514639
934318
961713
663063
780508
554843
920908
39538
37139
652367
169117
281517
705972
756072
789405
568776
47898
915289
314251
181332
880518
5949
496371
195652
831525
819252
874962
872709
214816
703528
7045
120960
306329
151653
454594
276304
890753
924268
695193
5987
759327
364964
271271
336937
457436
886986
346195
431972
949037
15146
320156
958757
113532
633567
806356
694343
556555
978559
407657
390804
847547
496987
334535
758642
542318
464562
712382
917952
9146
81988
896287
269865
16931
213146
795836
478477
513593
402356
25868
908015
442630
115274
640997
746901
69824
565597
478059
541931
15301
237779
181398
356699
793982
98105
36162
984177
870720
375267
603948
806228
472545
683745
701459
792732
696231
359361
987576
532722
731783
755205
686704
15554
384065
992572
713587
739839
661270
527470
125801
5879
690389
207133
831589
937822
255542
675176
540447
52169
691954
701468
809151
62588
345983
5404
744561
659843
930304
368869
61628
630592
584193
504295
968044
464095
833742
937089
763943
53153
212629
568780
388308
426638
344374
639480
321196
882281
975207
302357
118026
52925
884958
698363
143588
106135
774824
570320
675879
869131
359617
462694
10713
382066
750195
584528
278709
896118
897198
311056
563315
572346
667458
609327
448538
691101
59804
913825
920807
259963
137256
352227
80205
768379
985508
46911
941698
954418
923228
516091
731097
82569
126995
332998
934911
