373103
300690
637286
179502
992251
688493
324164
602971
31333
40314
905579
90948
172772
241039
926404
714389
415313
256673
938126
373429
668085
248052
503605
555404
190409
701531
673363
269111
692186
455895
325124
328898
381607
192939
574395
304838
779561
826064
941605
743590
651306
1645
509447
556055
582664
108030
660445
236564
246031
428008
602873
745553
338471
17393
733834
508287
108332
955092
690260
445286
309781
338159
242000
249785
204733
808959
386266
528200
949571
563421
509302
927246
554093
446774
536863
460858
199134
176872
644311
135314
564145
145021
569413
639785
584129
943718
939392
386138
310798
482189
949473
305050
969311
547635
905509
542344
924690
26225
643889
635523
972558
84611
470493
639642
739538
901618
749729
438857
778849
39811
22424
76912
117643
642791
452557
802055
976814
34523
636544
102794
436032
419954
821628
451491
735179
463678
743742
574747
303895
434704
477197
373259
240324
1168
450561
239303
331122
962148
50224
182591
335271
580766
89017
220895
584370
314415
772719
905207
642228
506273
154645
370590
769441
796055
915810
26931
39779
389693
871584
67806
603782
832079
799840
685058
410316
796232
134151
37838
856895
925225
966937
529313
342666
15617
183897
839791
950419
152405
82637
688415
761643
629122
748991
524321
984993
796193
693832
906621
628321
599958
126708
874582
37753
129295
992189
643875
445656
529318
626292
282752
932734
727059
450211
904416
425261
279397
250625
598802
761771
987297
751877
207877
791508
525233
332051
659547
509016
779349
135813
944084
578895
455476
326545
468232
85150
232364
396102
52506
870855
911211
830583
182989
493986
456691
232016
501819
953418
552073
512903
479372
586091
604815
957746
901297
357244
849172
877316
610943
300834
52292
133262
629713
844813
344775
856315
649928
184350
970793
711427
111676
968513
85915
943172
261340
142658
358199
527391
956039
53819
936890
821880
662683
388914
393628
615009
362060
36851
987157
336248
335232
445195
817570
231237
402843
987568
438424
430966
542404
29098
3192
726329
685046
780594
146597
796979
111735
84739
61330
737084
338875
503148
403328
741881
104919
395317
697329
430124
801505
784848
283726
403861
605259
706033
138080
683179
967758
537634
736105
664841
829939
454334
632536
779178
987673
954343
651589
485526
245983
345088
94921
726316
407319
864093
556569
637709
194988
566496
791389
837702
451985
270575
671027
913695
25755
980754
403677
350327
321453
922789
523276
279438
425057
969253
98491
828716
536539
495470
566940
568110
685745
646432
540623
387476
12677
938173
569991
952588
927069
198608
31243
502685
759794
132424
628085
54431
971309
371588
368518
74106
894676
251009
291605
990976
954102
317202
777843
244626
69213
605048
562150
520250
188700
579274
524237
776424
223947
109895
134598
179498
284346
402984
750383
736667
579318
73947
393741
856312
886475
739290
565415
459103
926574
855500
774736
245970
907476
773360
56650
743949
766418
582028
716120
597320
643157
583892
744206
721668
323833
570507
291707
460477
113778
826799
144489
843077
90000
411324
531483
221522
828058
381907
26016
733873
636011
603516
80129
285507
352518
370258
830276
501098
202227
665407
252024
523156
240476
313393
445604
306460
69877
70300
16945
967627
256247
170365
543378
51652
275921
587810
106025
315954
367057
353227
515611
1642
237723
124958
600469
61764
689696
558032
138422
249365
608696
545692
185952
427004
129543
351598
938863
378963
476094
887874
311424
459594
267061
357331
61517
283940
858521
