324099
370418
276951
759630
963832
606728
330971
9511
459622
156771
595115
952300
418894
772329
413897
529195
91917
912717
906166
471934
802198
661088
769307
100862
835724
172229
840857
573313
59247
648177
426234
990272
191500
518619
738124
342217
804326
640405
983376
3580
180315
975824
247674
161257
896140
364291
610884
621280
66612
21672
849648
49899
985793
441716
660899
882857
383427
211285
475508
397140
995070
619696
885046
255774
390416
860793
10169
885629
301254
288240
849837
124375
238281
132748
923564
728533
359343
947667
555764
247547
978231
969645
106142
181779
301264
527270
357719
258506
912084
188796
759181
333318
980328
542435
274211
474863
589251
833847
819002
680903
743257
444981
976801
197598
137533
745297
699369
899233
752073
760228
856394
566314
790474
158461
612731
18302
605937
1890
254596
824909
83151
665209
431879
983001
704025
421824
369766
719000
368683
712938
376891
830739
373071
494025
997383
901228
73171
849818
521960
800403
655898
140060
491138
71748
535121
643756
394139
118755
376088
467706
193910
239768
661122
366674
980562
765629
65953
752632
401999
739255
510667
571438
327204
310088
491987
66454
573278
128024
588713
241494
594547
899154
25109
622303
34926
990581
750023
176424
570303
115832
841268
542134
862397
842322
27827
331620
308471
786153
781427
656274
122496
831887
934215
372305
240179
620823
397001
584290
1463
978591
85835
291077
329641
28765
765583
203215
33558
62016
512488
862717
494901
233827
510636
65473
794146
470387
530540
977120
37198
205742
488895
420374
151040
513671
768167
663472
150178
92540
933071
668215
592612
31718
338343
23538
377210
869420
661211
774184
551369
519902
850901
164223
47449
68991
641010
544937
60451
411005
894346
471165
531159
28712
862298
978593
950270
933404
694304
666111
784688
963546
695272
860097
836470
772275
148725
358696
97495
618335
799123
352620
591070
61277
907939
28007
98911
154926
520303
8621
750242
352073
157909
905161
838080
130995
673563
841490
539187
518424
18431
721094
868008
113550
946847
124599
887389
475351
163826
977462
69121
967789
179217
749001
508191
719879
934691
867696
386973
459152
776573
909008
977950
8231
171391
429369
936844
390029
268050
233516
522708
814466
301451
201175
796551
389048
909616
308152
551845
713761
879349
443916
796569
834581
82934
963986
551751
929341
712406
342371
298508
100800
985676
665536
945400
225679
72573
426546
714754
155983
378170
598475
225031
749378
765587
439176
612915
619694
669698
621536
450987
109517
549086
403805
70894
36364
479039
242138
826312
352354
929255
436685
171789
412954
382433
711973
957225
460340
682290
742305
213537
815543
583884
112089
310749
297135
209324
726353
591011
631839
149468
220904
909285
546617
147774
338540
459278
267514
260827
335815
434853
537187
507492
813197
640651
685994
75407
793096
846924
565419
486401
562188
920513
60123
803212
286896
946655
218145
620495
488666
661523
150157
801771
874931
768650
873127
70437
550588
264783
753750
119366
401708
640030
80100
12111
203254
192332
728543
472050
795913
47186
416025
640222
304485
612989
940503
818867
716344
134024
207592
824921
968726
339580
420726
368418
197987
347567
55113
735015
485821
768036
35070
243094
782736
144198
80784
787797
387548
825175
19370
814220
832177
291681
298526
635856
267444
640600
42996
557549
152229
808931
714780
345822
377350
653886
619506
4091
995919
790356
161935
596435
964607
778234
90542
775176
884935
267656
652635
663611
218117
893848
509870
