256316
359844
8632
755728
276067
852399
632366
543385
277480
756199
427752
271859
178628
935639
73323
368482
703272
363588
75081
336116
207875
850218
948124
602516
878509
30121
703748
528883
823038
55968
174347
481150
82779
462162
372699
565691
491091
565125
131751
416237
512479
517444
925034
972256
248895
552175
230885
587911
68811
226865
534275
24375
827646
286500
622089
595623
758046
705050
75654
702336
89647
112117
150820
622941
826780
826392
175938
458788
986223
813928
400712
338165
972082
800498
375732
162923
783495
813652
900669
787877
295374
141465
489704
195755
383420
8197
618921
996429
434368
827383
863023
824747
571918
517732
65303
900240
620326
971230
609496
725971
393157
496386
767479
773277
942048
785393
860810
23178
267599
46923
904079
507369
899327
630535
420758
214580
490939
88925
23511
44200
7314
665130
677451
446393
610033
801966
310717
678742
312484
892660
392131
632103
590465
785164
818020
845370
773165
616432
81389
413339
8660
292769
724174
770664
931818
891785
604439
474945
179608
500053
625645
22136
703860
955124
382389
648251
238343
760898
754924
594036
201541
546247
731271
475553
214963
879344
369205
139795
238501
956443
134640
689963
835681
265044
277551
355945
20940
460090
706618
954225
962809
625359
701565
908406
970230
191453
392634
860022
653443
516085
367880
993334
278365
115845
63854
659704
762890
855123
58946
6296
908729
726325
756005
224187
899804
713258
765018
403406
435847
140078
290597
434415
251797
658340
124098
459449
267981
125447
231095
211208
204274
420453
108401
975711
144254
554471
762365
830195
816521
937497
878105
60358
787754
951610
914087
361755
500923
124545
265697
670953
735733
557610
830086
101828
344686
386073
106038
595730
303556
883603
910749
542925
746969
612666
879624
748007
344430
848867
18202
856388
931783
383891
70807
393157
375652
407417
900300
815293
293703
941131
250908
199500
240899
198818
749628
370370
163630
932678
669243
799898
431371
821399
166836
500086
43176
983383
693997
531604
856
28200
140309
254467
275761
595802
431625
398691
152678
921041
267872
705911
472856
471885
635678
943910
245386
29441
439082
814130
696093
114029
331700
787467
429620
522184
662283
811303
19644
278465
638353
836395
692561
976902
258274
937919
854816
21669
368863
697772
662905
552111
582002
934619
283497
702885
717956
21875
807217
515453
827246
446293
920800
542885
619154
122365
224796
529554
318668
157053
139982
659786
259391
856691
661972
94720
42173
154617
325927
448649
790729
638873
995046
458325
255953
791208
928044
680005
67861
793860
170208
340504
635949
339522
626999
573286
739185
121684
308918
181106
547092
957725
910226
437943
459064
858079
975572
221886
496826
928656
738650
365968
707660
944857
637210
500135
377029
259629
286668
690935
72494
314145
600383
801980
95392
168402
75269
606851
847672
691356
405157
608880
495846
213109
841216
887734
424370
60430
292802
314198
207278
879180
685923
793468
932902
132110
801502
140039
277369
55958
685876
121462
247058
142281
763781
406948
605604
301414
270948
248061
244074
913439
586555
300412
936520
664369
101478
112293
135273
251094
65883
275630
670800
901916
424767
318941
38493
914081
542670
145186
752502
901673
732321
744393
619017
367990
615366
804163
337798
475999
845911
59405
252771
969574
475794
358516
839168
638915
331852
831126
315338
519234
259499
864464
213981
195881
64231
488628
264566
693078
573599
642543
976572
189028
945911
374414
930562
566815
549436
549258
132755
770548
798849
792612
913827
434605
186277
415503
823529
877760
195183
402856
694017
181640
817620
666113
240031
685595
122470
823041
365720
188290
896430
971628
301807
2014
390074
792644
39687
745792
86860
776126
735472
928118
966136
538853
796532
279631
540957
211435
938387
78108
140524
33184
61382
388244
746712
367063
829076
114752
552846
498049
889770
639201
982374
955592
136419
670856
200819
322489
62156
73156
822496
425145
208727
633980
312440
808311
907549
876434
805406
465423
737855
77587
699280
72270
153780
511176
455785
635857
311878
340391
508135
636844
842153
415612
277007
597421
723891
779267
289197
244569
386107
591967
681764
67671
157956
261026
844908
953866
365904
601357
88519
198035
90139
289775
882438
632088
302394
961128
409438
596509
988014
895041
297467
782339
86826
94387
453165
705637
120873
288953
198764
500978
800137
288304
602400
674367
516671
840927
589998
645908
804886
548748
891039
675068
869989
906269
927628
614834
310089
713936
226220
311622
750664
883567
170129
830174
706955
32615
696128
882063
818772
352265
613825
823060
116489
629018
350044
228725
37872
740967
819251
810819
725860
483277
430412
636531
887374
174842
174789
234741
46185
262434
778558
516375
724720
752304
495151
95289
774327
118452
581678
521172
479113
12022
400332
243566
629627
782911
342055
425820
414709
843327
544174
477770
386673
352304
685026
335833
780750
915045
652747
302952
156188
903958
35073
344220
476845
827873
391387
888361
122066
702036
750470
442246
723737
666173
243371
722193
662073
345421
412174
483356
957801
237213
112984
947323
934409
203872
17884
225641
395915
249877
540200
769185
482746
716739
671592
945548
934669
821063
107949
727054
827858
587293
595586
944170
946480
340124
388669
178078
890339
72193
132459
243101
512111
758779
807425
530064
890187
78604
890956
248587
753555
337102
840971
131969
878686
660848
618068
922156
644943
590220
726209
838373
190449
424264
347282
457272
743545
346883
216665
385470
296448
761713
636443
859972
53345
810023
974010
503162
766300
941803
92728
600285
126006
245579
453232
132242
66429
585711
426965
567864
462131
449392
590672
404831
131770
875155
504326
177648
390142
696227
521115
156226
360122
179007
754279
125017
518308
276943
31845
272782
518350
357317
617434
149232
764417
547495
396439
240232
853383
16391
755389
302515
170778
632008
90663
914071
596773
507621
284744
365851
223515
728752
721243
14124
570231
697104
156537
221272
857499
124330
50168
315602
252174
465300
467491
131182
50686
77092
276460
518275
172071
907610
671926
636409
870563
691991
773767
104923
738847
170384
551726
904511
275210
286106
864811
148550
738083
46562
960211
300654
722043
922187
660750
579585
215337
229358
789423
456212
447768
411129
367385
464766
152819
981559
143893
738980
276809
30800
763316
119116
768722
534397
777531
303678
915913
953463
181402
512622
515324
352229
523857
492721
807736
929866
100167
530060
684030
299516
677893
957477
41292
947191
21606
532166
201584
59084
548394
254495
690632
53288
764464
364052
517318
125600
386644
744613
173838
712209
144582
567911
327037
70687
497063
185872
651455
113844
155572
990179
14512
874081
261763
820486
182291
625699
700904
694041
949194
347347
617143
377169
105126
476420
865413
154126
786488
383137
16200
824284
392227
687988
763574
276342
967467
758146
916936
381511
728302
360469
330336
423842
396503
256182
631714
709351
551238
931940
834714
71450
120156
334559
622421
851795
843849
316135
273582
173525
965992
928619
