931241
347220
700068
491465
641317
808563
402088
686916
208358
412105
145782
735276
211033
34594
110355
239635
69752
415736
49041
364389
720320
855672
864205
659894
153327
696771
786294
793394
733835
27582
404903
453923
380391
19644
491895
208504
785216
599010
697474
288829
965011
662054
931455
155408
190087
387004
777646
134210
948036
943994
141564
325522
894870
547673
195387
482484
787314
407170
564548
57634
693044
309516
649142
325596
156150
31437
551549
366551
213197
275185
179511
523740
885610
84442
120325
689341
742843
97771
239232
264065
284103
569302
498017
523586
559788
253266
624740
39563
3731
898603
610008
124677
844220
957133
766157
53441
961937
184117
800631
684249
904663
18597
58597
539341
298924
37469
769257
396490
297009
145366
15863
685701
36096
654724
796652
250947
649803
439157
779828
857312
232148
238280
431693
24509
418345
591219
367856
356601
596102
151614
332664
946069
74730
696545
514331
868868
631844
453880
44075
98016
561708
959006
281028
329660
987168
701633
870026
885373
648983
926223
715382
269151
672215
947239
897154
325290
164671
456830
654891
693934
806271
67376
746902
657572
73031
889791
4978
14452
459068
556217
858987
973159
470174
998344
168346
32541
828580
732001
921107
904992
931286
672519
877423
867637
558706
712599
321853
896282
317869
44461
119348
844069
813020
495860
601847
173670
820719
61594
266116
911993
325263
273506
540558
258710
672280
418330
584186
161544
946689
406072
462292
553790
360555
300035
977096
687305
738925
272718
751137
120579
630052
842905
707486
331924
945119
412453
183595
382443
294660
289470
979868
324623
121073
928621
196052
323384
529525
806167
28646
642035
338450
726547
221997
746821
302025
445068
576745
12289
631984
874227
789848
823190
97314
516921
222519
314748
183062
534723
849712
857639
828495
440080
538528
776986
356199
540897
774037
385520
260448
204542
15369
311739
219059
86136
933802
331684
796701
52834
175705
513861
323508
976195
974338
926539
878997
710724
158317
936438
623023
407122
757312
937035
172356
238367
816234
5077
69531
129750
198764
972625
493951
216852
156890
149561
886195
115129
569751
616519
403585
574345
165594
656333
399255
277456
933515
370367
378456
17788
951175
330239
486100
324505
406989
789503
136439
899000
225078
788111
949071
582228
232121
356985
759698
670848
571005
644428
784713
852943
630900
824824
312388
908642
228817
617021
252234
689769
99025
579325
985795
775715
130505
510567
922216
924885
813099
645107
577906
587204
543288
26586
954349
288161
486167
764128
681349
469714
414997
491169
268562
192154
434158
84572
915421
77373
803353
99298
803585
104856
400542
119448
716328
997438
224545
12325
126847
1752
538985
259751
546328
925835
843290
822850
518526
720527
437120
883677
161411
614149
458559
469167
526754
349150
37893
927590
972861
375828
300696
921173
373031
783974
927124
603644
127261
843953
242187
665500
659756
336004
439192
687467
759530
14959
132471
490313
743863
20682
859890
69707
970185
349474
720071
866994
937828
859152
37479
437984
398826
540125
403008
864498
972038
941017
874424
547052
6059
616963
848158
525915
387809
363950
720283
499137
670454
803938
606709
883641
309060
324816
801138
601372
293209
297082
247818
588341
191809
715141
294249
292310
81613
221628
712709
312125
97144
121068
884952
61624
395493
165254
622276
405845
986968
968174
481642
99767
57394
201942
66947
416018
721238
496782
885818
624875
576620
432285
32940
927156
494615
393158
738156
85836
540203
14908
475330
689320
274486
280514
98700
796413
385719
580029
759150
210536
659014
428232
367329
554860
558837
449027
184767
332414
104974
824071
423766
940769
518198
34039
308485
494023
663210
393245
139992
377615
830586
207163
381669
482832
653086
636196
779135
295298
36610
716390
271082
679293
286903
232098
634057
476444
534194
253025
33044
536363
619638
714439
643494
629979
142125
604822
226752
162836
646501
124072
126732
262093
83466
146564
371742
510898
282450
120581
455442
569166
601828
78821
206123
508453
796061
172630
698217
384584
243103
714526
708779
329392
517405
540215
362414
592161
516884
330721
2432
897999
801915
336010
958669
274706
24005
519285
789375
665768
111208
698659
466461
661762
314449
83508
630530
933683
838819
142051
13569
544661
927654
682704
353692
189292
261529
812519
454652
134032
742438
387116
910839
786783
690890
862525
336318
960082
318968
547970
232987
379135
530068
954140
959506
822371
44696
841288
763985
459358
704705
211938
61708
38829
984399
621805
766503
439744
238849
818169
940103
170520
857571
173538
847264
884099
571413
708815
367103
752885
189103
106640
34836
681888
342669
700363
290217
299400
691073
302340
321929
133408
771087
845811
346182
461479
8525
767097
931418
385908
936608
747026
799015
1306
458730
473058
466377
159270
7425
766722
381072
894529
902007
504612
399460
39335
954896
443393
49898
922444
290692
340085
155829
390018
801869
13965
518786
115296
557162
771496
442542
86424
56000
300545
959176
945331
505198
300026
22791
753130
854211
623335
373082
783094
7757
776246
772270
968274
698258
165401
114158
531476
553172
724293
535074
561777
759238
604627
360850
661753
148016
329249
729134
482403
860507
609272
472671
649400
688228
937790
639266
504070
492828
12321
737412
751348
157271
515732
326876
53946
990711
484653
672566
28474
213299
992218
723406
520717
662592
23111
216320
88892
209772
257739
429349
579022
224319
708753
150494
835177
84688
735650
840946
641659
365423
46217
280131
81209
826183
84098
120292
267103
370495
32977
999198
211671
612581
356743
201504
776617
76580
940802
166223
666978
694340
805103
159854
455695
722805
427330
606510
669653
707618
700653
794741
220263
300752
613039
755749
651980
587360
229509
445996
514298
869938
96909
187321
919268
575362
336347
670992
154634
271244
421383
408180
592797
509968
329979
584811
357507
620063
912266
811599
187823
860665
743783
680828
916211
521969
173597
463452
552078
845401
546197
270559
332563
626738
710437
241365
728668
584817
767900
525676
900430
159568
976868
708742
614766
65414
205160
563243
874539
586843
617527
744208
730878
457080
550065
108856
670356
127563
651491
190466
31608
679528
330813
151128
25757
899530
629893
953434
304003
544912
370220
390070
857607
595351
453198
20955
973412
848800
419620
355475
279388
967230
51019
110026
577976
322698
369706
224214
582540
486084
520211
877179
208841
616996
46007
115718
360528
736474
371834
814256
528664
466469
105436
759924
846734
303640
317877
641796
587123
458676
915682
954461
412080
977222
608415
477349
807315
318105
272369
3137
300668
739300
315470
590615
20153
446891
736468
194848
373986
20417
269928
215078
546059
468070
266588
85423
26089
607682
222502
933699
643385
577333
69526
463807
553471
409215
543267
11424
767650
504162
209413
437001
657241
655973
216488
587507
802466
530175
29672
428060
958147
250182
782517
257597
234273
541367
825713
315260
644477
666910
101802
425242
765576
443239
290734
40040
634522
