685101
309257
955777
64121
664166
714258
460248
441129
362091
320634
454682
594645
713629
648856
504128
154930
395912
282746
339998
448113
947392
878560
332092
51806
179107
79132
910766
409465
829219
936670
311111
482532
241543
78965
380807
975805
660856
4863
512501
910295
114048
273901
669763
453651
471162
655406
716707
485140
435413
787083
966331
501499
648702
436311
687516
418787
585722
895509
934450
90394
373382
882839
42188
207676
316123
848225
472507
466806
822289
894509
102973
490322
657941
754338
446777
812677
985088
685638
947749
361538
814275
143528
86262
474670
803525
353056
877750
712382
170581
723037
957153
629354
144059
564853
509919
573674
974287
719452
495288
639865
617362
576354
848887
100037
413290
8508
997366
915307
703329
43056
606573
142674
828263
838180
648063
698224
13326
66713
850527
570433
847150
535350
734134
991550
968556
226152
705430
789244
476170
213589
611562
897437
137709
437011
819295
280424
93893
823509
947216
638048
740459
715741
579520
658763
725987
75614
735727
56919
350948
147288
880650
496571
258486
898227
360825
163675
359885
548478
95762
874888
56179
35168
875766
341806
514824
114718
724891
131584
948427
805457
932606
26425
915533
504798
609282
552167
464162
155278
209538
962393
602316
652094
397072
782311
117657
232972
705911
939679
967615
585317
565074
892298
8676
779990
62673
247681
312996
969835
944962
152403
632432
961439
67511
148715
11141
10544
672153
250656
974335
130333
436383
134301
44362
778966
670378
663027
487944
655915
492933
404461
172439
274632
217716
111836
200931
959842
752331
201292
93226
375219
74569
671253
689238
938292
442769
555542
78234
681895
766041
976715
855635
473302
315942
759559
711850
650089
727302
706754
570541
923660
591921
932182
16555
38040
28620
963936
191544
296019
688738
990028
183576
111499
748371
931147
307483
649200
793874
93128
346514
481095
309731
458381
442064
410529
233187
194882
544296
562667
214666
204126
368946
583402
100570
477579
358832
309430
777915
29562
574439
563024
584347
648029
216602
649683
664000
852813
284656
293832
960325
718698
30045
872137
250182
985870
77393
216818
524886
943681
122611
234445
673334
199490
554918
856091
26020
366730
27087
607904
344281
857632
489877
444691
136270
818361
410675
594164
310426
742382
765113
499255
154659
75222
353287
943384
918346
85066
602103
589112
344439
138502
819170
745321
558048
763715
925702
914326
568409
914175
824700
521316
15337
948990
805961
847498
113637
434198
284341
822747
712283
992729
249658
124809
938175
867610
719734
412985
777122
448080
654826
279854
99903
672719
871898
464570
656306
371210
479413
337850
207018
860880
239063
820497
288461
332200
272567
977156
248568
705161
214284
243590
167518
610765
390383
70028
22747
471275
930963
53501
763280
554778
614340
860295
352985
385403
679516
225761
534786
126889
530119
553057
673717
77417
222018
194707
828624
360477
11649
39027
941857
766087
727929
606969
624739
471683
980689
86225
970431
127353
490474
192910
207202
710481
71713
560646
720045
481141
942058
754055
570585
174534
704368
273055
623573
292135
347882
662577
118617
688469
12196
765901
297470
161636
76451
285897
968530
132166
951245
51645
395268
528744
718755
923700
955020
456785
619094
486032
373020
35783
428444
246507
605633
226215
749775
211237
10214
282048
852171
771854
309193
497089
656597
11123
812952
708315
301368
366115
15497
385656
616868
538883
146704
349478
78968
445378
985388
13363
412694
925427
448617
461460
901720
744138
639993
413415
481299
447906
341072
469145
728955
125560
858463
195858
821588
212567
744243
340431
793778
484921
589687
350649
534789
200832
341278
658070
22790
472571
13959
524875
261892
88503
361378
282437
898831
717190
441893
289606
434964
168444
422735
898747
325619
579695
994896
323900
674991
467230
417861
617108
120748
70115
675146
869794
331387
724465
772326
371587
597906
720047
392055
846265
657675
818151
907353
976128
531821
927294
942595
711380
327018
794357
657473
551804
2673
486881
616410
308774
321737
292338
183062
346202
19974
722684
641036
4541
746229
827529
360500
319834
782863
612166
157172
988397
492104
438996
540236
197219
861920
467743
342221
177584
796556
832904
247984
145407
20270
558454
219202
11248
647269
493483
958119
964295
804874
218305
31536
165937
80458
45719
212482
112553
354423
345760
922505
897481
109938
482510
269350
395948
451584
159296
974730
372909
53079
793921
547940
212969
399982
635673
846325
684894
129361
945283
811115
873152
691790
705850
136093
254561
536384
871139
223501
863218
419805
486238
656715
714676
872373
781855
649810
643253
347645
558581
742875
210450
848308
29406
457046
573848
170785
76616
97655
515307
491497
640977
377884
52903
250024
980130
183087
104203
952311
554782
24651
697903
447735
416086
428429
85445
914750
820350
657533
972228
604345
206504
371070
165660
690970
632801
696789
357872
263415
804693
633754
62160
63341
221871
234326
120800
12373
317407
478421
5482
738106
489680
283956
199879
329159
266096
952344
257644
363468
754454
372105
906662
628304
163191
191506
469327
18103
155347
71969
445041
150019
194998
307833
744942
679872
357531
64864
315168
17320
537539
196442
410269
680867
773930
294543
864806
799407
986395
200661
414317
456000
970577
693061
731305
219285
511551
94385
131009
909665
524946
103863
443169
444386
687507
766029
346707
164414
164493
709023
578885
869654
776255
292033
432257
307587
269853
17254
190548
17551
930608
626032
604483
6635
390045
229092
254949
773470
590885
767516
383042
528833
382626
240937
780919
378858
2901
688319
66064
262753
492117
280566
421503
448882
693083
260605
141260
386948
132959
433342
847588
765240
809792
64367
934996
714122
822122
262160
97892
693263
864907
371439
835054
282678
364155
707435
403292
914899
366709
700487
936505
508262
957765
271773
162456
89979
18263
391004
542291
881733
226846
233908
666907
645606
245723
193446
698156
288570
855641
979666
747718
423179
981622
864102
655548
373153
18971
549064
922322
795668
446854
722841
877276
133639
453351
366514
121675
142002
760722
220369
946484
548347
358089
723428
654599
308375
164522
269958
30191
598023
792129
822828
542799
8759
442038
742583
789744
169851
169344
244531
841465
835296
109751
374598
357779
178716
158317
211254
916810
143427
429458
863089
83060
540444
365782
322804
940122
738517
921753
512389
804011
848655
347991
401663
537211
416575
724170
265556
950612
956802
744211
780312
8985
807358
404236
890841
741452
315411
938712
724079
849100
457026
114742
83169
595472
382601
959957
360152
565481
44474
690807
857897
279146
982513
27768
866356
75995
147839
545916
395438
47890
377490
50621
961730
693129
472273
639439
579481
169548
331268
714177
420001
322862
175784
9110
658795
384443
287640
954522
941850
20918
979036
247286
847795
212848
20144
747794
777253
711296
987985
654662
422470
366770
954813
728748
24680
244554
538296
590936
252233
440135
337770
813760
881496
910550
678272
560336
994664
96330
