593872
374675
106268
969099
108164
1886
635855
226093
417174
462200
797810
296153
226559
483670
309713
192343
192017
712574
545193
15425
492219
233723
167800
230189
141614
848235
529080
254609
765584
731854
865593
192728
189950
836265
474604
869633
717888
252149
979235
723428
954962
874389
219393
829899
385
419824
103352
546125
61692
1593
373421
759875
837837
853117
273419
714038
910900
522354
83409
674267
794213
435781
710007
550228
237578
802440
530282
224454
297268
887212
644646
934268
972365
72728
937976
739859
761091
983400
212102
787829
789462
617633
556774
471463
700201
771177
443494
197710
514863
167598
271238
717476
74620
366991
193953
598008
170539
204667
597444
942731
414489
765969
921794
189412
819058
823912
186358
802037
953811
165433
675139
237624
612691
88866
249949
748006
855596
605800
487342
45325
432418
777929
765017
877585
837734
794048
548356
790575
73874
665955
983341
281758
354087
387207
475928
818947
573020
843795
679998
479785
34414
649853
372495
466336
956944
438924
858046
303299
692100
338405
381241
113677
351173
223951
899432
866381
412336
348694
226594
905746
591689
446522
611613
37699
448243
244312
268723
774832
111386
734326
211439
174605
30497
834731
398218
109868
37979
310343
57800
814913
534164
432868
8829
674387
235114
419240
240358
906579
398539
177641
435652
687398
464375
502251
104035
318267
362543
227629
718256
952870
582266
959598
523154
54780
743526
933069
306738
464049
150210
442909
72879
492676
207833
985687
58822
750151
391252
987375
56403
200127
287655
249307
401167
451311
384088
12960
480857
292153
680920
283503
544731
764942
225769
232334
760748
860701
216254
877120
174965
370
652354
720979
381643
479017
634040
462666
943085
698248
620521
645585
902520
245692
326509
922566
595641
576190
861416
331287
224694
195373
411804
69384
635742
125551
747162
331449
878336
507697
803078
785117
575768
798367
720955
36634
700943
555954
406521
693173
602671
198880
777941
719644
784547
604216
492512
737810
508001
813585
122389
312866
124566
141497
280651
607542
512703
260713
378885
76941
47059
583333
423750
813548
858253
816689
705759
409871
823927
965018
531911
687827
202596
909944
899245
25645
59301
27681
467249
224983
316027
268112
505411
790919
538099
85899
250722
976109
474779
626392
418443
67305
878526
500507
558602
181379
5565
940232
592448
941453
745945
648244
603066
247039
996717
13205
667362
888121
978746
254910
545265
371851
775754
533405
341852
822462
279840
496039
974847
186025
610408
71125
501159
278166
474200
227264
435270
421524
789356
173665
178192
74203
755074
760622
538974
80962
764312
424896
516725
11660
559399
782443
910247
560294
801799
265357
910162
756614
801394
936602
549756
685241
968128
877966
768387
64792
887606
97701
452685
518835
912228
65570
854097
146105
338504
446010
99641
495807
952071
38959
200801
737724
980668
87195
925791
144186
156612
195330
823794
319067
85229
58710
738957
542047
998006
682048
255164
676998
200079
201309
315900
845571
108207
404746
481718
570365
537086
218158
99584
504742
123773
86723
22407
223699
258902
753574
948598
564500
859978
365455
982392
223659
629714
973218
73206
399960
813441
711334
843461
958080
960698
538727
632753
714054
794254
157121
42155
937685
970206
210479
768761
498540
281635
560862
365923
898383
709671
542608
870509
283202
726754
475679
670266
461108
987711
802155
297636
174365
995063
777033
517577
219143
80103
896250
940438
851749
74767
41105
309044
441760
812228
458413
944181
463222
936622
345829
147476
380217
875508
153126
558190
434081
945382
773506
755421
851579
707241
216918
749321
188638
186568
963598
236660
849411
72502
207708
371788
938368
664291
372338
934904
379076
228325
306700
476940
468143
930687
900957
542858
473515
596091
447788
516677
648399
255530
571622
512868
114396
254319
305220
347116
129038
943012
315240
66686
909080
74046
45671
525228
148724
202081
158401
25302
197516
420070
314946
298996
748147
410133
257075
675875
309418
201817
22392
27053
145772
737891
325330
984756
35189
688540
926715
714058
118419
198398
522715
41641
728213
754446
186120
446907
112561
989632
359002
514876
937955
375306
289060
648055
666807
429936
446072
877972
211392
318207
721109
89760
414495
721744
909878
903628
952501
172596
340535
877287
385163
219525
499810
532704
101702
248729
676260
59148
893380
375174
379721
181018
445951
510719
896809
169572
837202
550798
909260
219199
976106
788792
822738
350770
97115
95514
718663
236689
147807
375927
49182
13332
925519
237259
963991
565146
104885
532579
836574
981309
687330
177892
689141
195991
181444
621156
523349
986296
944521
890564
209259
774560
573177
443764
856009
22360
552073
939310
420569
747978
469623
372980
846828
95305
581589
593958
677605
807950
569925
748793
827463
955377
293258
263783
629203
747854
240822
707961
109347
488777
464892
697853
484523
847392
37849
484112
471919
273442
647471
11086
340863
337577
46054
153238
72103
961767
838413
787255
946244
237889
189731
139092
428696
11001
704985
249772
97974
315599
205649
403630
396266
472397
671938
939562
82483
878684
888698
942797
357837
702604
285741
972451
824518
525910
606287
382447
606914
877102
517825
648518
239290
778798
753691
882507
74086
215854
352588
687273
115110
440006
238991
278052
913029
588372
682981
569725
799806
305276
664487
158530
444422
95752
824866
88214
408015
216686
18583
659268
834659
504020
84128
229344
707822
414452
365610
889676
955077
506022
952588
581973
27247
620269
516751
86054
919915
152430
220029
377484
499682
866805
534749
718422
70477
63650
124281
780864
610807
291226
444624
668670
695769
118710
647004
229701
92661
254278
999025
505641
451243
369196
514815
947337
613519
154062
929728
44195
391473
282758
540114
489598
419349
980065
32267
75981
447352
242745
944369
810990
336175
666991
762055
796849
156699
606855
409799
281743
706818
874032
309881
485377
702391
519201
731446
488068
834660
600809
908448
890607
202410
359420
128458
755285
240388
498615
934752
990225
828245
832273
103914
600433
818787
236310
954036
537705
467091
465902
619073
586285
991807
437507
201807
575097
836471
88844
895550
767742
374012
509347
607739
661216
430759
851584
151626
240409
284979
436351
435801
57592
986447
118271
926875
491930
238904
462613
825054
329852
678688
607247
876556
474876
1495
242763
995838
843609
772534
309529
502431
171467
641727
58609
56482
877407
419378
964031
738785
409020
34755
526047
594563
297676
780590
430251
413753
861492
507971
226132
395692
387951
510151
410469
499177
767022
865422
843387
21621
77863
625389
715956
817795
357491
892370
601041
698575
994062
608594
184264
181127
393874
82148
279170
4122
779899
57928
499587
580444
269734
914706
167766
945485
926568
684881
495116
431914
78928
324437
426301
992847
424540
840510
73199
866955
253495
293039
896263
286213
274179
371477
813484
571290
103149
167586
373093
800808
935938
842666
693018
832294
604670
919817
187079
706036
566216
953064
751527
549841
838182
108578
