337858
579467
193315
340114
707706
705377
471552
521120
789250
590688
940533
970081
946803
238702
641565
356807
229825
497328
986662
45635
794725
52965
432800
317009
335504
284397
545984
19816
572470
282922
136514
466368
426189
560405
806237
889066
760021
971757
832813
652087
418619
517654
29266
78046
998110
620171
546473
697231
345599
100228
148063
206295
786109
927895
669116
961658
786495
407682
509960
903707
851591
572498
373678
583984
898605
689861
88707
427471
136597
888935
55112
994424
75643
156412
46586
664843
953544
971116
301977
940846
427256
247639
186427
547408
628246
319825
472515
787403
268571
241097
425261
576845
185163
411675
472669
777225
497841
880066
569312
945835
346604
23527
676653
876905
850551
178915
704092
832090
502324
958328
287472
438547
907792
738666
865286
847219
260752
176447
216686
660932
524679
525009
128558
788767
779605
831876
970839
118257
562796
492156
348710
863376
513705
274743
56834
22953
195116
536391
972552
78312
631546
657181
966428
72561
988958
487494
520073
707637
744025
638274
521581
368878
964400
246326
318280
613631
135770
693716
980360
179937
138316
752550
19657
298592
826595
435686
765338
712771
170203
915925
679082
435453
462232
852362
729115
469077
364599
325284
105670
927302
661355
126659
88771
641364
244668
709652
213555
727357
428700
489725
734509
826323
229888
530882
120187
382510
783439
8376
410806
702818
720562
36080
318241
68811
834978
985
107902
236871
137224
432027
958087
923001
340972
514579
297156
593984
877438
213724
49040
684145
680810
757639
184164
716890
24166
226576
427879
911019
908615
661688
281186
558749
68312
450124
937262
402906
164107
56126
969808
930811
152912
111095
753137
328283
21362
614438
767599
769391
550068
807848
238708
222995
120063
337863
987
688849
315476
788080
103901
982397
710564
67309
592712
720006
366039
705652
802246
905065
550307
16619
305700
249449
117258
57267
713132
281579
834832
733596
621761
825780
246017
218918
804925
31356
50909
389634
16743
25344
319996
542165
341859
596326
974800
664558
188641
352310
408010
443157
565819
182079
237842
554057
523964
333674
89540
8712
256239
260387
472527
228104
701574
90361
203435
161672
419853
907391
884391
387099
433375
98354
806904
765407
2125
136762
100105
210099
990346
454272
555197
864343
186551
252505
934321
242942
114946
119085
586680
886050
857141
158331
490525
478975
663624
112603
632782
4361
541460
663269
513393
795154
161013
278225
899299
783768
583877
126616
173541
634898
839478
239899
140795
40004
609888
202738
530421
229930
317180
253065
575352
205428
492193
502752
110205
352909
545632
87860
984423
215623
541488
287991
106530
284959
510249
978607
392215
379568
722705
115886
546193
4121
374700
654295
28321
147306
142532
358684
954579
167725
445897
100485
387885
131480
46682
977401
13133
482152
750668
206271
491201
934236
325782
710680
580745
85049
399684
401578
725805
695919
587525
978716
640329
940965
53810
481915
599570
890991
770436
85998
399426
468573
397646
262738
805001
198926
970644
437846
218112
810625
492644
758908
615441
708937
286243
609758
187709
189686
815881
667339
246608
807294
244801
486558
603177
993247
842265
392340
877407
533524
117379
151502
155045
743402
393266
358145
752982
501056
521154
439551
720403
233478
655398
760554
153806
455566
261180
408699
701915
811384
397858
475549
222599
563696
648111
466053
643583
80108
840821
915902
856225
32990
192165
391573
896928
963074
394509
761970
952766
941946
196387
901390
791319
668537
955828
234397
296784
146929
998632
403216
115614
486333
926294
148767
753392
948555
329109
702104
192171
670800
446440
694232
860951
72198
458929
816930
625637
577064
503636
601647
967376
971731
696018
204133
605668
723236
329357
936924
273978
78447
696014
538410
938788
306576
239686
497028
254969
833783
937284
637936
227262
53358
586146
736564
953389
866706
278348
697436
32461
147362
518137
263187
474779
910509
466537
457103
23821
139599
980312
423423
600944
931438
795158
489858
10248
929365
222796
266573
98820
718917
574408
981663
192771
899974
348702
686071
885984
287593
187462
848729
508403
51785
215146
40112
162150
371425
507512
414126
602481
689045
796617
835535
240157
418747
789641
875940
727613
419772
743154
34356
864386
99856
767227
501222
377614
133601
659798
732423
802217
528983
414633
34344
558940
348030
356361
334886
330949
323170
525064
424979
112895
940166
139766
931969
328169
778802
580966
30284
558449
466780
472885
659447
969169
675295
225843
63112
512475
18825
838585
32200
928029
924480
53361
208264
775451
866762
220926
464749
36004
28836
997465
972447
45046
996301
852349
773643
865895
764666
16648
482577
797977
853873
336934
19106
152191
166341
265829
300125
804319
263583
199577
118564
333171
90298
297097
438585
831841
973411
149835
383213
366081
878023
317823
657320
108098
367586
681667
761314
844691
173497
10878
448571
772825
599732
492280
415265
600185
684416
443014
517440
940497
750077
703884
919140
591525
440113
750358
37028
800834
288274
336274
433803
644098
371221
532921
230774
508395
538903
803948
740721
319220
148976
955330
168045
281555
220984
828403
485309
111406
928820
124892
526712
824796
29155
841607
8684
392273
132600
122770
951499
639674
78707
648331
202274
812625
150598
618526
923889
965063
236395
678637
239792
58251
957218
460739
537794
812725
728799
768749
6607
242842
313688
645779
841724
927352
550191
944957
400913
475980
703046
173557
6813
243357
360017
264500
962304
234509
583425
272087
26718
51906
105826
214404
806058
778936
640083
609310
309242
511483
336991
782649
221113
887818
955963
631792
280556
872141
91012
1737
9742
889274
496345
609911
754920
571074
227258
719972
399177
173605
14441
977503
900750
404366
71952
278518
842528
453102
832287
136770
955134
805840
576431
115745
70027
551575
629433
20508
510959
670823
927753
270705
255107
182468
924849
869620
398480
459217
312142
244930
424437
99098
420344
278635
743851
665625
413057
913601
592096
156263
837225
867841
736586
522136
315870
332696
456648
651517
481248
922129
302971
156186
897568
9562
897988
425599
309820
30825
302730
720205
639604
210736
273597
266144
188070
662274
642772
427339
696023
146458
635880
544884
654136
831645
677038
566796
415325
285643
418770
538152
504761
68606
984196
958768
851999
17838
139407
211178
616350
979137
466561
684840
997899
968360
836015
914224
933084
510560
282235
374719
36097
832616
297338
470447
695602
292993
799870
140996
366902
137380
737355
464337
844273
221232
146869
692300
912065
964025
952380
414259
58350
889808
630997
67041
282141
451890
663064
386445
334282
738124
869198
922064
283689
342791
472547
691046
82218
134556
588113
437595
204983
253933
524503
279590
433450
311931
248944
431364
679051
285264
78580
395444
429115
302506
278596
176535
505418
393615
317424
505474
532421
869582
502769
89548
374405
965111
873214
429782
611578
639110
649324
383764
926284
763942
200738
41059
605673
686456
538588
387987
855934
939602
69399
