808569
793476
475716
184136
62407
850184
59931
563712
403624
589634
434610
197901
427037
922362
187090
861490
178036
708267
786540
886341
658561
104483
674233
250407
364347
930153
88199
987645
390148
370568
662998
902465
321517
714748
462621
428182
416775
660643
198938
947285
388496
916127
785140
791995
495258
162236
503141
595470
854754
751570
858134
626072
665177
40057
543509
452128
94563
706194
660439
691253
921760
203060
464437
153815
656609
563857
481116
265067
163318
56130
173242
818592
718828
532753
744027
550791
273838
490961
841635
866191
63804
91404
787504
248712
720742
501659
836879
540399
602326
597293
697739
404624
299035
111402
177122
319163
212210
665824
402156
124418
446621
495849
781534
14724
401190
383262
494617
19604
826861
234681
369617
253936
7158
315489
407340
358425
43149
138656
236139
311966
933042
240288
507727
589373
412060
450529
44125
100031
596699
79543
939034
316253
932760
799931
702269
519887
723661
719639
679874
819131
264001
716473
134723
872826
482026
470104
473974
314267
831257
171980
505159
150250
492366
897143
503272
625367
745270
462972
974598
429319
422344
346686
218479
10499
484058
610992
21686
550357
330377
845597
242315
773566
647370
778587
267508
925015
534649
910051
324219
609848
720863
48472
359297
974687
777677
847157
905526
467919
338400
35563
39088
139405
977150
802660
457822
982654
645358
29296
341750
599539
450544
634387
558313
48474
973242
422752
385700
520594
842842
996916
504373
132742
175099
985045
913073
468161
838343
871450
853372
116834
743098
628215
222138
164945
64520
160635
169441
334832
67983
748537
111213
566266
304339
251936
768331
379670
402952
886684
483221
883529
644610
883778
991356
734480
764966
739992
877010
330046
616380
395630
715657
363865
579800
940164
204499
383218
902053
298244
387326
267422
97410
231856
381938
512891
562996
242584
10827
405363
243800
312049
341793
325851
288930
999201
213229
172525
698379
605236
39385
93725
961393
576806
238973
951447
290768
825990
771924
175329
658493
551265
508655
224298
562833
247536
573323
265791
12561
551902
591080
750498
88187
870111
804257
481368
526046
164023
166644
525143
617707
308575
165523
31378
279777
219229
763198
474800
456398
753526
447715
823322
181281
820740
17294
541624
688479
77871
562275
347307
265958
224307
998191
130760
176640
76882
547237
811348
178757
828686
978491
125524
354211
436394
12701
252808
898126
786657
327269
482621
4655
404917
457025
952970
903153
151157
153326
510421
355345
726403
120545
217779
375432
873266
21446
951503
238721
535811
132651
561339
810438
190413
231944
651865
152083
844617
976135
492850
927948
901088
62001
539976
846355
77518
129901
980527
545252
807716
44786
629603
951901
246800
646252
174375
155852
542282
410099
126770
328141
588824
693990
515068
947969
593543
480822
597287
850865
171715
167776
605480
441611
977904
795370
945220
638812
411197
373063
952016
777864
633526
376383
372647
481524
564162
272932
836685
904739
641750
125276
364178
908596
432346
168851
475162
171066
189051
767888
734983
210916
583363
44210
40129
230693
291318
933125
560102
66523
375556
8066
46918
271080
883436
305895
616536
927531
718563
763183
182769
832574
909690
950720
481962
760244
305300
862683
515980
404143
284232
960189
814779
532731
41812
996848
718905
596694
572518
796194
607995
775046
356884
124421
779389
351026
515912
397925
530931
628245
9503
150470
11381
105206
164565
396835
430804
657244
801280
167335
825457
361154
766384
426073
655014
