19641
173571
257710
891251
157782
961798
982
139379
33830
457772
330868
196030
30586
835272
50188
842778
233176
429522
196805
190983
766580
362114
917024
608681
33037
435933
645890
65921
33354
626239
57589
737481
338399
837345
541093
50232
560991
190424
474717
252575
390057
36008
384912
292269
58831
155626
373441
463182
267465
520716
53723
218689
391525
137731
863265
921501
619587
2189
43939
975362
574073
73980
604590
201634
241077
595443
990648
418788
40497
79200
896638
203407
364604
225200
209179
507268
569600
611348
173724
291871
252524
817616
604649
223913
418930
367048
804699
506779
698262
424926
639184
522520
558235
583655
404969
725409
491145
450032
294063
47992
16958
610860
79751
874581
643809
330203
124968
595512
738692
735986
904877
654595
226439
609342
117411
982183
851938
485817
996324
858424
109772
68307
100048
723524
636257
199235
407653
368420
807023
993170
156377
186238
512478
89487
152158
529246
472057
752001
425432
270443
23243
925125
17408
370633
990538
597410
574208
620520
179265
188584
283972
914745
704129
569303
340221
609968
751489
84698
468512
614912
145621
168715
999663
892063
591408
695556
63040
191616
308298
271885
698281
972367
994062
600868
640097
287089
508349
282268
827259
908808
580078
533407
349988
615773
560085
273817
412889
57692
114773
339367
552262
470755
578790
295260
847286
428130
751013
103328
729698
154249
593908
790652
786873
606144
764387
91569
385707
135043
265431
679187
867411
620848
58153
331013
606643
454876
251550
590808
212664
761441
555772
471366
752453
419097
211455
812854
875974
884828
546170
198766
96212
441675
715050
321072
887553
2631
938151
367031
389973
882417
681173
953688
14940
420244
16663
745891
915363
635766
81427
712928
257619
126540
247760
826146
674966
268858
483484
753949
162194
178583
753200
793056
507420
112876
539362
856709
473574
882682
561402
182112
744378
12489
331529
980842
978028
898848
104076
225135
815100
238386
415778
621775
176734
261392
991532
194094
854100
312397
292168
132272
588853
717181
698752
251131
966975
919992
439623
265419
495546
159129
438374
108284
833506
567628
475591
166920
65994
460207
868528
850282
288425
811367
358362
437827
347152
777859
219309
322302
937672
205874
718121
435471
354417
407082
283574
61454
96887
383592
167129
589678
980009
481981
384967
884479
178256
725376
785855
369141
633260
881866
407581
111787
751509
312353
772321
97994
641020
139852
31818
736197
389940
498624
994327
352847
840150
757392
442347
658048
680764
942189
562187
605696
952197
288818
208714
89905
567158
452526
718576
378053
435842
875333
489887
431317
9032
684586
217243
146346
557748
338351
988011
516933
704487
393679
84062
475189
667430
620789
365561
307511
937389
331724
261542
853538
917372
240423
110732
282471
475028
280290
110900
645672
402143
508021
60931
592499
287083
427190
10914
753751
850053
71215
427359
961803
130997
959226
294189
215940
649684
388183
168410
883313
178618
8922
849385
933001
173910
318657
100288
732835
964698
24949
336691
374008
605610
506399
573914
794747
84148
20054
579758
780719
516558
799533
967076
940379
316259
252256
111845
51514
249432
397602
46614
828134
94497
977428
375204
629181
762685
74452
651324
969583
567464
263468
594167
378578
230184
197467
345820
67788
744371
924444
86444
31231
395031
542727
430946
707311
77096
637173
495658
173976
355562
383763
82211
182547
104581
862967
26148
98792
975978
493193
880379
472071
676491
364076
156075
918712
689116
368271
