533188
569882
144916
781248
310182
82865
70314
132531
768080
169219
865513
885386
685276
622969
955611
963170
134325
248842
573538
145146
246675
775219
792544
681383
90418
109456
635001
430411
612685
297339
505660
134081
683166
413184
352205
307487
426379
916893
257257
804763
636325
99365
238582
803195
477221
237826
20423
813617
603829
438330
956439
314887
956371
464586
780798
985655
954695
742958
86261
650008
734123
342133
941180
445882
496504
276711
704407
276711
791999
680338
201908
437590
987147
988960
532043
284642
728669
198509
920000
804158
471365
292345
190721
170222
192050
514842
574546
286592
599704
272696
130717
557587
675208
949094
511123
69091
82059
317937
592009
705848
830269
515497
706925
409199
801761
580886
714182
65517
727411
895392
72923
275734
339268
100611
344030
173460
93984
344434
221683
550908
322257
579986
165964
223489
437095
51555
913714
667449
235268
909608
299692
606542
390631
941111
382858
399530
418836
434813
672372
330628
425636
311775
666435
726825
757064
683921
366835
922699
860780
778781
377378
569533
966158
154177
246486
941505
421147
742688
671697
365718
745107
723847
501503
527695
375161
22836
851117
285536
283060
846364
518161
936834
764286
189630
251092
510213
533467
589918
820281
774247
657645
487432
903433
474674
911180
328709
199427
96843
234342
487810
922904
66088
487775
865800
692319
728582
965034
169630
934138
735163
949762
687654
896491
825843
385043
931890
549020
144470
855195
213165
642021
265264
714746
353099
398792
61195
767424
832787
718755
844413
947923
190437
42022
725365
451813
341941
312739
614056
460032
163352
572612
52392
621068
215645
566004
561485
899222
173650
982810
868181
589446
56162
185469
386973
439827
643942
945899
554264
176839
663617
94836
903360
989036
658225
81065
162409
456987
526510
560751
442127
479502
27309
852524
702627
428913
198636
810556
674138
367732
268170
653089
494529
568572
106859
655525
399172
45857
488440
734531
947570
696500
12308
958787
322022
50629
647892
836018
414321
98587
620128
622164
413001
586205
472265
738271
776049
588527
338226
343795
684972
977362
293267
962652
838682
281424
418025
930130
479190
272605
751349
348922
359677
374246
708088
365640
60143
47116
551035
550782
183345
280712
503458
504845
64090
432070
592596
425267
742593
785594
112991
375902
802051
577936
237580
151478
280264
792144
544805
918245
939076
772535
750966
363318
133678
153722
598341
726835
939371
604607
595629
648437
479245
546933
575729
646117
148933
234298
591606
256975
507968
646858
39933
332348
591277
270280
538837
522062
114819
182030
302845
531254
15311
242299
169887
83187
532279
560534
265845
748212
681260
127454
892913
675169
125702
74441
471495
333729
748847
274518
996201
758863
910242
114844
372745
514390
462883
793647
345399
298079
811006
60490
111507
420795
815639
264949
209599
396667
87003
427532
14172
509021
855590
475374
360547
146376
278741
160012
982043
354866
367767
829042
859946
77125
38399
645145
855164
676253
335266
440229
175625
377012
326950
629597
460357
856388
514593
268990
515569
778196
596881
744512
492971
709522
357914
427541
73669
846857
393484
622182
357505
854900
883638
941205
542156
820020
243733
687011
531041
696911
292255
979671
657118
655674
968279
101744
360808
967144
478617
701440
675457
150058
508207
912605
709764
793847
282911
705354
449870
901294
832030
599311
777355
453687
395932
950483
806165
244857
508547
819862
724885
242241
234826
3988
858761
546216
657359
426293
564945
410640
600942
