979433
469092
22077
9318
537232
597202
174905
488323
467278
476492
99535
382246
189587
684076
628923
230927
695899
37641
342431
291692
982054
433399
12172
204619
502479
92511
194556
174956
525100
331380
866873
468934
345078
134561
486563
516685
768406
613024
849500
333799
814262
926699
353973
844423
350337
701514
103151
484503
992851
625899
18782
428004
333208
888933
465982
276461
980798
586213
610707
418527
153311
784551
628775
61424
930026
942055
767214
874885
561434
248900
843588
383450
136246
389889
149382
719714
955694
779559
211976
353686
920776
185629
773648
183467
64014
833060
35136
542518
120701
749906
403320
903829
226955
102703
516633
131865
977636
493084
959537
491291
236484
530111
670863
193917
367348
648665
25878
649646
200985
276598
290898
901860
960733
401819
462651
859999
295702
532294
186505
711637
147463
310392
298006
156791
612024
985072
328091
16236
566161
305752
698605
781890
337598
944189
310737
211127
717632
995568
357613
747403
155255
285974
172009
774587
104146
859308
218
806499
11882
139445
458904
280571
435849
864935
726038
753862
654972
987521
254252
24832
388851
453476
877770
327899
25350
788908
345443
263498
3364
320392
404246
74588
134804
191018
719239
647926
931905
812878
586361
505604
608138
720227
478641
187365
540511
154633
939665
870891
924132
288014
262531
924477
903114
125022
427136
806639
34690
201712
396173
890678
517558
914930
626267
256518
469974
53027
427617
13020
421250
248382
466461
86246
12901
54280
564532
959100
244247
807478
981635
557646
476795
311930
974211
531164
95607
975836
649073
289584
714956
586907
735896
445925
367279
898750
207140
738314
101308
127552
294683
845505
913153
409038
233842
251893
5254
891552
732883
372521
392652
810813
423944
518490
134532
332808
848784
895745
801543
691665
376321
194630
382918
898463
532908
710582
151718
125813
470284
441028
706953
146711
590580
108185
250050
487103
698181
291567
228212
360634
116782
453184
370526
951895
640422
800236
379265
734896
909863
168260
312241
839108
411816
208095
872865
718829
530631
791618
664255
229897
599283
400567
590072
685559
122159
166084
159209
991543
914645
841206
114757
846243
958496
588853
841809
664818
855255
703917
686612
573339
668885
222248
461477
222952
251335
514567
995096
438603
116249
979100
977431
947142
234839
983570
925136
50884
123774
578780
988077
24615
149342
724035
684573
403471
59991
400860
606893
118146
978098
172676
327896
685093
921354
806702
676663
102758
520178
732002
444346
879301
37011
530945
806004
635314
207149
255338
249705
611436
862453
292486
401017
967326
817713
979144
218839
302172
391555
160647
516015
773617
119689
323731
962084
280040
59101
731231
403911
467602
31984
671258
721061
213421
364171
324385
719636
403313
505138
942975
296266
716393
158808
816976
469262
724110
789136
947926
69649
870075
501271
876004
91988
581516
229476
771749
931625
56502
620009
446748
790599
228814
409634
837707
27468
425708
573761
275392
74635
453341
113924
628651
124728
613032
178669
778668
11249
764974
350104
232060
707846
907028
866045
525604
370324
799354
505582
579821
921348
707652
51737
811668
952189
431030
279732
459945
817180
168782
507566
160405
913881
951196
520160
954224
359736
600587
407341
530414
729042
714024
749959
854384
733375
158381
253793
334774
306030
860173
918193
859767
600634
71448
781428
285654
263061
691087
275858
357721
931239
7248
975442
67371
21865
375328
764883
54715
298417
987258
930931
735308
939438
652308
48537
756715
