483966
702908
31966
940596
54815
471051
237811
892309
648481
451985
919413
877083
981073
107732
97775
67910
840104
910274
973913
448529
944991
840731
6915
62626
197997
648433
996077
970606
578089
173573
633697
51009
156459
216712
687711
252585
291212
309652
860635
178932
835208
942905
775756
79707
216497
446574
291032
840264
933248
99540
284026
527241
651896
20559
514085
922538
267377
175496
183321
858387
240058
423751
82166
723828
796837
868953
497027
247414
339634
797670
174818
10602
552274
555042
128651
275757
72312
599422
806769
234552
176638
689210
575377
204957
727568
789143
463325
328427
737016
202956
542472
518919
776505
911085
569097
58310
940468
419153
951148
381983
411002
139050
130378
148954
804984
470477
122777
454486
324261
723874
979163
247172
845490
158741
233184
808594
425993
334682
349169
616095
281635
22080
278954
80748
11256
621465
313334
601861
921807
73968
98470
94294
345878
236541
607841
580209
581332
652294
578433
308105
650716
28101
893042
787987
65414
466599
834096
761581
200586
470573
535537
500875
417629
440034
693006
392192
157710
464677
789516
493408
49573
576111
801166
198484
639701
914731
842355
738060
432871
954126
26544
448733
623200
239223
716421
630071
512951
778414
369773
686065
521882
280250
471265
259567
276061
784971
729907
639857
228189
572407
899352
779480
592176
129183
420378
930320
926570
949501
303503
135689
411674
804314
678251
547060
737158
518965
943063
105648
50604
550028
982830
755424
770946
721851
701014
165031
8093
310594
110985
920369
302820
594771
391323
505649
326129
789324
796655
93476
150440
216900
744914
874569
143383
544972
27656
960011
503471
938986
574647
933877
517021
849896
518435
987923
830080
199442
225156
380576
335516
379980
500667
579709
739845
523082
731194
530964
837180
260085
119038
512685
233417
574300
467597
213820
86015
875598
661267
165151
324282
89519
963888
505697
369595
735100
218444
220828
213642
165336
190932
871419
497982
950989
216321
780157
743449
782708
224131
129457
514162
565249
404802
553474
257164
869131
122626
39785
952623
256280
454043
804400
625537
731185
752629
633602
526406
995573
271962
72467
209869
310317
370188
791632
47629
701874
658690
382891
617620
694901
94509
14909
310704
229230
960954
881978
982695
449695
871474
258642
434937
72965
945739
337902
321530
247446
48030
625534
64182
268580
191534
817389
394022
780595
667091
271496
130240
288725
901165
361173
298634
557272
231862
565514
257542
295909
114394
998835
134014
658823
636357
663225
823083
13871
93443
361907
128554
914169
259722
639860
692317
492426
676001
992416
762956
827655
405983
100191
70334
906815
80412
317915
314554
745817
346088
892218
31978
808476
177720
19386
906168
662325
280076
296644
36150
607214
538172
878308
510568
425737
604751
783303
826428
364137
90434
60665
28137
773881
641620
522401
424680
796473
249789
415294
211705
661312
287061
90566
83596
623319
458438
986580
20357
210818
943183
857790
450160
10966
888108
363734
266415
836153
638968
332704
32949
988430
182926
448389
255076
213686
63817
236312
630214
909505
150417
286577
185789
170871
727871
720403
911308
874283
798206
931348
0
226484
897847
303464
119185
644555
719857
462921
758606
562462
336785
504053
837997
283399
150336
653880
97525
400498
596258
852886
286318
793962
17922
350113
613842
49787
679818
507125
83638
467054
179945
539944
817151
880517
280710
964533
398779
242484
757033
344628
143771
815185
616870
466646
146229
682410
231282
968468
958057
822424
907133
823629
174816
311150
131558
560677
714145
761640
13663
503103
614293
445096
832237
253622
191279
502101
35270
721106
991790
511690
890263
315717
330998
833272
676329
336549
134018
282278
848114
824217
190894
377898
726470
204333
250953
515970
117363
886508
521367
891195
326030
825075
604818
967896
377900
357683
908933
36937
64793
979948
818546
17429
85133
95725
405868
595727
196687
946428
307225
646423
32610
324401
574920
142412
763459
309181
169935
421755
176776
515317
981375
308854
904518
419631
17151
702628
356139
358052
38920
890260
370239
872525
759228
31376
920748
608706
426404
286086
386396
951737
714717
313337
732815
73026
792347
812513
379052
741082
274850
806745
846551
976339
269305
551752
861905
36814
729143
835590
614211
205589
109887
308376
351407
906929
930402
398212
749626
776115
149758
121003
41986
600645
85018
968444
677461
804974
442488
828366
659485
140867
179351
113080
243291
210870
407988
749094
14364
223924
857073
604429
709579
81529
661358
548656
141961
356251
814705
815973
711492
402045
662478
213257
327922
699598
165944
500221
390835
842620
287139
296549
279839
918686
948150
149954
361813
433029
832799
304614
223835
61799
514999
501113
321901
430285
222462
593156
551850
822950
888923
454269
578289
349595
519836
28935
796624
239258
362777
931510
958253
677300
629653
402811
660931
392066
231848
319467
941421
918082
454656
825647
49808
931959
383648
277535
308200
320239
244453
787372
913577
185481
247
249734
388754
454819
721366
65213
778078
480911
435288
607373
150375
38690
421896
670181
879272
503044
324352
894430
88710
160386
96993
282996
422859
838081
477159
2488
270064
325054
954331
981527
495871
271019
546481
586357
119886
833132
678979
480423
464213
103545
915214
235979
368752
133813
249498
757823
703962
381827
547184
675154
562243
237424
78744
461255
924080
879030
615398
201229
267795
489872
389877
849677
678258
936845
596309
346250
344778
916174
695470
180918
357476
779778
441622
829591
557898
67890
229604
577567
960357
3521
304092
968042
644998
12689
190979
227745
288550
538979
360199
891382
548138
542158
998280
470769
250847
780166
220409
30245
110971
875759
145710
709123
581157
910791
824100
380393
869512
471375
537701
898883
644685
765686
555576
482037
533205
846133
738413
914716
547485
148238
381870
267948
948504
649085
187333
541795
133943
887698
491547
187935
786119
445549
614890
117140
967933
145676
195175
129237
540362
404282
413829
706057
149017
753384
677699
149139
106264
521230
405978
513352
482310
860503
304412
850183
503452
416561
914599
994775
105497
59579
875271
931359
214330
845575
575864
427143
571860
376804
72135
51426
671259
940134
310971
419108
328818
948365
679227
876453
591432
981036
573569
385021
398595
191342
131483
174945
580085
590202
732338
348864
554907
976942
119472
509614
79246
373498
902005
643465
6323
99913
697243
553992
933897
251517
251119
783054
317073
371619
944643
12334
537070
306760
169088
230574
196294
311248
70370
444614
177988
183834
632608
789244
583107
910151
789493
803235
940458
390462
349066
8121
955159
846989
761504
824318
152990
526518
305333
152304
812737
125034
875495
228556
678030
711624
196702
754664
696093
200746
651939
620320
853416
753776
367067
53208
703277
800501
31148
94139
404941
406890
96892
167614
537969
624832
470256
748900
852530
352299
470452
106108
719415
123210
815072
155434
58154
841151
975810
175290
13600
27501
524756
822998
819063
933545
177451
326692
502299
183509
