769304
643084
941658
537257
78225
646713
54906
224106
988365
53156
456946
27305
979615
364226
743403
289612
537027
612747
964158
714008
317821
481644
537160
666833
449271
261756
255053
62342
60814
176276
759163
923966
397048
403517
305356
68336
714385
164275
866866
673133
822885
223257
736239
20065
999000
330842
338921
859237
548360
521179
13394
959331
856682
493374
225990
9671
830733
666081
972074
843545
379910
711248
863399
171783
480081
884881
97572
710070
330288
845470
117115
721692
392497
360684
703583
228907
656421
322139
854934
360598
293506
836961
265702
727034
665220
874330
557280
960064
50115
390385
898179
864227
991224
268855
547202
888079
984825
201270
891641
725929
592553
986964
16968
771396
521210
452433
178046
661013
623370
764591
487207
978158
400073
241198
734144
397680
548330
650201
643331
292118
40308
692388
23168
273579
430191
654718
837942
915460
75910
742133
201117
424523
361609
540059
143428
171570
676530
561446
486021
619510
389445
885249
560231
4418
222011
108637
781546
841894
123013
952341
483524
121498
969102
707974
70024
613952
977606
291683
945735
785950
518893
974420
572861
724159
791214
304021
793603
288243
343212
3690
791287
833664
25836
118008
349713
116143
218817
259208
802722
338914
992985
711594
108194
503865
93818
158061
267281
746595
884868
859974
381816
711932
919509
401843
739266
498659
225141
539536
402587
918407
87781
343397
540754
338702
607230
728121
632080
662033
181665
650057
790920
484437
823493
743534
28854
559702
843895
251386
411251
545341
16570
168408
783072
56345
242671
813529
562980
56973
327337
284130
184818
269776
591558
694714
786343
617497
949806
685628
843518
199751
782078
829566
726060
680458
188393
781561
796766
490011
968833
224601
323178
131099
185394
444366
900135
974190
233352
134634
450955
845518
254001
692287
156294
268585
7390
871769
385459
40364
940285
867455
381252
197666
77507
536897
181444
209828
800342
972953
761418
780279
677262
149717
335222
865779
158862
567880
604653
625564
98886
448019
501481
849535
495731
283338
865574
972653
661183
755371
609168
700867
861368
276025
435411
685027
749463
646017
535736
656975
79298
694212
621019
228196
990240
384019
378100
380394
896286
669190
24952
422381
250606
36414
516101
212265
561988
38432
794200
867267
256162
665583
732925
836651
864891
957867
495681
904611
639734
773389
191218
69092
54778
60234
932333
670952
625412
940120
545751
663831
84515
292392
277763
599381
210585
617813
2725
331129
998268
675393
261821
432978
275551
458487
67837
823697
506394
643296
156057
470741
277747
824829
769304
759240
218804
451010
228890
332767
924129
515861
216868
793474
67415
553847
222982
175136
677372
715061
611465
695979
327082
795340
650271
408037
218745
900266
338108
357666
53497
835091
823287
477355
830394
959966
175279
249575
826110
290085
418294
749330
594210
437342
353924
9593
846051
138477
631737
221125
130756
766373
805731
223593
898052
4279
371404
172388
31999
513434
263536
641586
383660
497996
383615
467159
44001
641526
253189
59836
81730
959159
630652
864140
456409
96668
932007
215403
753359
460868
715207
583168
161424
363126
621595
149104
748723
458389
223827
778741
450713
901442
264838
427389
967312
773328
17849
366724
950828
184157
284319
862263
42770
143068
391591
95928
750252
565848
546504
775485
35825
315121
213979
930205
571507
628570
19544
441399
964147
201336
265539
517549
659831
574448
308494
118893
863506
825328
86039
826250
282498
756655
325738
840835
417725
680003
643700
890410
980409
143748
994173
936600
291574
401229
258685
458112
464294
15522
519401
260107
573686
309105
71988
179089
176404
16227
403052
798850
282234
7477
297662
90738
579488
907435
291384
101056
752243
819671
504249
189352
150552
29784
570797
115938
25086
505588
861149
42494
566947
297246
167607
188874
483982
725590
352454
680526
118224
348627
952400
829411
883390
905018
112222
660420
159274
230877
804661
705588
348951
521155
859721
908089
260365
925609
70270
243059
808219
639452
516195
23078
807047
831733
104914
783270
164150
954261
884958
529933
698992
842602
340361
896645
482747
399280
528502
814250
520932
246619
741296
333253
264519
264872
765933
288727
463625
20487
79589
376039
303474
114409
353393
341921
309359
891319
371000
800292
798526
816395
434404
350440
205344
504498
210278
293014
5399
890101
363068
615602
581774
401615
896004
365100
748715
306736
94820
35897
536485
350488
800932
592888
223844
335114
683804
975932
483044
171755
141339
336132
83345
495703
154305
843876
746979
383669
332287
836757
156121
481144
780052
865337
123554
699624
349292
673578
143377
862865
978781
622235
348167
831522
581863
646211
580302
459453
825700
666740
475879
400390
80109
985393
246444
425365
859863
515864
273650
847755
573890
349550
541509
729695
331652
961513
819460
198071
309818
547742
854590
774756
575911
619247
314930
822157
649885
981644
858183
406114
854863
121398
635889
638958
971613
484046
362599
375348
250359
853584
183229
886128
61515
78236
118137
120368
717557
913994
13252
812637
931435
312134
364458
978074
566737
927823
875589
455719
353828
888090
585787
893712
822853
412525
412592
225252
882321
979728
949898
801644
659965
19165
670048
800888
325512
183142
536120
747067
342633
965231
130941
561340
640762
740340
91282
907397
111481
425325
148526
846504
847955
961011
969929
220589
868741
205296
86796
455225
436755
489538
481173
766437
832468
251494
243534
467805
628644
61426
681698
90913
824132
370044
307593
721160
328647
533715
803766
633636
590518
749829
867229
718664
201635
944601
838202
859205
490820
758129
399049
610167
516146
10895
384155
252929
202564
485709
122319
574734
111388
838369
12853
820661
240810
144055
933445
95552
612880
336869
429715
477830
933418
906745
156179
281226
771320
846012
746758
45176
987334
733370
258762
533841
242476
823690
363031
556826
556160
816958
498012
631823
624691
487452
333160
239660
327838
968436
243024
592369
78370
389915
655194
448991
452849
443198
922693
557412
568249
204284
416473
471061
950446
668000
8987
247801
722762
74416
703370
840657
644024
881677
370945
912982
100774
485838
403597
355040
291402
422669
761343
977368
369287
481934
94839
854046
468111
341773
946402
280714
9468
67684
53524
35753
14135
452304
529174
544440
39249
128590
883898
427136
144604
437232
446337
508607
596476
997846
631351
585864
308215
933742
343763
233765
978069
493741
55465
992063
514775
107875
63239
409301
499203
961630
68991
850269
671100
936812
280419
744724
222048
422977
894664
640990
132219
45746
432720
88586
40228
839948
41573
516054
303311
339018
785308
327753
252503
890052
909707
114894
38735
759575
275450
741039
611791
690621
437455
482682
689387
841490
959687
429876
744096
723381
580028
478655
765500
569557
54911
793730
264439
437758
841937
534231
738893
367486
723434
328023
849148
335774
39248
33601
454833
548630
139671
912838
70908
553704
994899
132272
252498
157115
751357
250270
559099
356766
259078
570792
245271
75349
