467449
42730
406270
468639
647860
637030
39400
892588
963727
159881
432584
190235
24458
87330
935491
752377
803423
614149
661834
14038
912572
690289
610802
956946
711736
990745
492834
392158
382859
126110
498797
587825
569090
901294
67239
441050
120705
827910
127818
600232
762755
594528
26456
86287
846176
453965
113253
532883
770633
802296
420017
81791
632719
323263
460508
553033
429470
395465
432833
386562
96114
606693
166971
151855
247886
897038
1104
910841
961693
440867
675312
21755
947371
137789
990940
538717
511753
405580
903654
971101
449092
911980
750170
972107
425890
108001
876337
385887
734767
455020
97507
16901
409386
552518
915355
826142
571983
51854
297060
541211
527158
271601
774196
366574
622160
416660
630128
94543
386826
886369
762200
770747
508520
641440
134051
349451
798755
688270
213250
966214
383795
565293
812462
362642
360176
197823
584015
247806
967902
378000
309042
927206
57101
673797
642353
772905
37302
794801
374004
195085
648718
165039
764078
450283
181308
35863
93415
189910
747814
180844
313189
264711
307704
251753
807954
409065
111143
200932
276975
869932
412320
994339
416456
214459
750840
459574
698339
405988
227558
98537
986990
397885
853873
791574
622959
895765
628823
235622
898949
319764
533076
294470
813126
202533
894486
319958
73485
816552
750080
357540
919972
615811
691569
809427
898428
718594
100432
275494
522169
694719
12149
867476
527407
959289
232518
939080
750329
958348
906717
94490
203657
594746
788823
571440
241309
94863
196453
945455
408077
512902
341138
97827
643310
534489
454953
400296
880024
377497
533037
642121
370701
367223
41378
300533
551793
317680
108085
222723
289867
14157
374277
494773
821265
894942
705152
198566
833505
911961
107020
545797
57720
871459
842919
753951
706356
100029
473253
632487
834215
873552
34707
812402
313723
916621
257771
912637
296932
35585
558936
542885
346934
404573
1899
732976
836880
499620
524847
114117
793311
289938
316564
861499
8297
720049
37057
988013
934125
400031
123738
578054
422923
750538
481393
556855
246169
616583
765383
556119
528647
144248
739578
825003
528329
491275
77222
623531
140159
944165
535659
162966
143550
934615
171021
781015
157084
64174
987825
951332
614644
149268
121523
469318
436740
817495
106960
25625
97685
91390
704051
782916
632819
150519
964488
810549
110521
157361
334427
917781
536609
699251
525794
364969
790190
904243
546967
175303
291816
521665
349703
526131
464246
96672
725888
845343
120065
607685
244493
770553
903714
560156
771358
847976
517128
235643
820924
537532
233355
4351
456868
185195
503763
299235
367069
543219
463976
436308
592102
547221
774878
550241
48371
405561
88962
983725
887501
779400
291821
419225
102831
736398
440998
114770
429111
606374
133618
812781
86253
558874
575167
453820
904471
541979
323720
533930
172879
461377
269573
230330
863071
848490
453770
623421
855970
110180
361642
144738
884956
970692
288563
787073
909426
773641
645622
384847
526087
41683
29377
345389
75407
703042
615542
916900
677412
37644
891112
262583
30014
397855
995266
421148
739137
826000
953311
986903
919755
340670
174670
838158
603658
327142
297714
47579
721668
644010
904173
316858
864974
699793
21954
508158
28749
676527
104006
551885
146018
14267
488899
205473
640821
709792
82290
834867
132610
937256
760910
630697
859203
756015
823805
92247
278150
547215
206627
627839
676318
152956
296714
23778
139724
383046
307180
728587
900709
879866
916986
840571
909013
216435
50262
620016
